1.000000000000000000e+02 1.853844017041675452e+00 1.364527749457468744e+05 1.492577994633514749e+01 6.763698778628322470e-04
1.100000000000000000e+02 2.400201663048320722e+00 1.295997992039334640e+05 1.457496826772826815e+01 1.451477147153293519e-03
1.200000000000000000e+02 3.090476749726197347e+00 1.231275134112131927e+05 1.447688845215874132e+01 3.141977415518639686e-03
1.300000000000000000e+02 3.837121467158220334e+00 1.167196609402891627e+05 1.477369640533660444e+01 5.725532930341403932e-03
1.400000000000000000e+02 4.463924624678264230e+00 1.085812459452928597e+05 1.407336996941376839e+01 8.672093572167678330e-03
1.500000000000000000e+02 4.969146987186540798e+00 1.004157452770389646e+05 1.294738083012192575e+01 1.188399454931284363e-02
1.600000000000000000e+02 5.302113425531638669e+00 9.240169738693984982e+04 1.195595922224929097e+01 1.411549321158518666e-02
1.700000000000000000e+02 5.481597854506700784e+00 8.538751709938593558e+04 1.105604546924705822e+01 1.410992003435719219e-02
1.800000000000000000e+02 5.578562416697915971e+00 7.967131816830241587e+04 1.001655527463597295e+01 1.749971848886422779e-02
1.900000000000000000e+02 5.751811175913633001e+00 7.463416688545397483e+04 9.727662100987231497e+00 2.327610987891390315e-02
2.000000000000000000e+02 6.096917811203142357e+00 7.057690025285574666e+04 9.557300989199612573e+00 3.073250017914466031e-02
2.100000000000000000e+02 6.688495941417989421e+00 6.786938300141975924e+04 9.861582948164443252e+00 4.476044195028369699e-02
2.200000000000000000e+02 7.592776986614686585e+00 6.635841823785970337e+04 1.057601225577985637e+01 6.865085767521296456e-02
2.300000000000000000e+02 8.792719765859343894e+00 6.552596721651904954e+04 1.118415811868107035e+01 9.798299221973706674e-02
2.400000000000000000e+02 1.012151464403723011e+01 6.496613531199262070e+04 1.150696115773939354e+01 1.359782208067759068e-01
2.500000000000000000e+02 1.140282385600377602e+01 6.401402152575487708e+04 1.175687495059812093e+01 1.944269804005303026e-01
2.600000000000000000e+02 1.270647942120224450e+01 6.226625055584953952e+04 1.159386762753237221e+01 2.713144237068020881e-01
2.800000000000000000e+02 1.635393858370958853e+01 5.854133688611965772e+04 1.104869172248325704e+01 4.132556634719001809e-01
