1.559001754385960112e+03 2.451424681975249154e-02
1.559177192982449924e+03 -1.929470907075819114e-02
1.559352631578949968e+03 -1.630125546869520478e-02
1.559528070175440007e+03 1.781461256751618386e-02
1.559703508771930046e+03 1.230285672879657607e-02
1.559878947368420086e+03 2.627230687175787643e-02
1.560054385964909898e+03 5.033040838072093404e-03
1.560229824561399937e+03 1.501121951161574208e-02
1.560405263157889976e+03 3.325703194323852835e-02
1.560580701754380016e+03 2.598721605251379588e-02
1.560756140350880059e+03 3.506260713178455113e-02
1.560931578947370099e+03 3.772345477806281905e-02
1.561107017543859911e+03 1.524879519431918649e-02
1.561282456140349950e+03 2.579715550635098761e-02
1.561457894736839989e+03 2.978842697576838949e-02
1.561633333333330029e+03 2.038042994071291233e-02
1.561808771929820068e+03 7.693888484350372599e-03
1.561984210526310108e+03 3.644054609146432644e-02
1.562159649122809924e+03 6.504465828895598933e-02
1.562335087719299963e+03 1.159012968068650132e-02
1.562510526315790003e+03 -2.404622272482682954e-02
1.562685964912280042e+03 1.881243043487033570e-02
1.562861403508770081e+03 -9.839196899162079568e-03
1.563036842105259893e+03 -1.976986043616507996e-02
1.563212280701749933e+03 -1.421058946090509797e-02
1.563387719298239972e+03 -2.262076862860615614e-02
1.563563157894740016e+03 1.002213017484392295e-02
1.563738596491230055e+03 -2.119531453238574989e-02
1.563914035087720094e+03 2.399158031780496483e-02
1.564089473684209906e+03 -1.777422470145651259e-02
1.564264912280699946e+03 1.125752372490152267e-02
1.564440350877189985e+03 1.415594705388349694e-02
1.564615789473680024e+03 4.907957241128622916e-02
1.564791228070170064e+03 3.088127511620434099e-02
1.564966666666670108e+03 3.601290986259807203e-02
1.565142105263159920e+03 3.173654757393658959e-02
1.565317543859649959e+03 1.695934010978367504e-02
1.565492982456139998e+03 5.815496349055688380e-02
1.565668421052630038e+03 6.818065730064115648e-02
1.565843859649120077e+03 3.173654757393658959e-02
1.566019298245609889e+03 2.061800562341636195e-02
1.566194736842099928e+03 1.762455202135337559e-02
1.566370175438599972e+03 2.514738601415739995e-03
1.566545614035090011e+03 -1.630125546869520478e-02
1.566721052631580051e+03 -4.148427783525773793e-02
1.566896491228070090e+03 -2.399870758828592798e-02
1.567071929824559902e+03 -4.476282225656507546e-02
1.567247368421049941e+03 -5.284039546848125907e-02
1.567422807017539981e+03 -7.208402576745845391e-02
1.567598245614030020e+03 -1.207240831657435676e-02
1.567773684210530064e+03 -7.748530891371974497e-03
1.567949122807020103e+03 -3.934609669092700018e-02
1.568124561403509915e+03 -3.925106641784572442e-02
1.568299999999999955e+03 -3.483215871956207160e-02
1.568475438596489994e+03 1.410843191734259885e-02
1.568650877192980033e+03 1.073485722295399597e-02
1.568826315789470073e+03 -1.995992098232788822e-02
1.569001754385960112e+03 -5.895440566285312968e-03
1.569177192982449924e+03 -2.005495125540916398e-02
1.569352631578949968e+03 -2.642197955186101344e-02
1.569528070175440007e+03 -2.917785747122055365e-02
1.569703508771930046e+03 -7.748530891371974497e-03
1.569878947368420086e+03 -3.836847275659732563e-04
1.570054385964909898e+03 -3.544985549459087754e-02
1.570229824561399937e+03 -9.649136352999533248e-03
1.570405263157889976e+03 -5.657864883581868558e-03
1.570580701754380016e+03 -1.482828623593389870e-02
1.570756140350880059e+03 1.890746070795187167e-02
1.570931578947370099e+03 -1.468574082631198853e-02
1.571107017543859911e+03 -2.518658600180315177e-02
1.571282456140349950e+03 -3.934609669092700018e-02
1.571457894736839989e+03 -1.383046836857974339e-02
1.571633333333330029e+03 -3.754052150238097740e-02
1.571808771929820068e+03 -6.465622204773475816e-03
1.571984210526310108e+03 -2.067264803043822319e-02
1.572159649122809924e+03 -3.065082670398186146e-02
1.572335087719299963e+03 -4.327441060442739802e-03
1.572510526315790003e+03 -1.283265050122532787e-02
1.572685964912280042e+03 2.657284011037901270e-03
1.572861403508770081e+03 -2.569381008437362710e-03
1.573036842105259893e+03 -1.525592246480015138e-02
1.573212280701749933e+03 2.741267014873420213e-02
1.573387719298239972e+03 -2.094229643030713281e-03
1.573563157894740016e+03 1.239788700187811031e-02
1.573738596491230055e+03 7.598858211268838363e-03
1.573914035087720094e+03 7.397750395860457073e-02
1.574089473684209906e+03 1.477685110062876006e-01
1.574264912280699946e+03 2.308724848159443011e-01
1.574440350877189985e+03 4.368030865832697174e-01
1.574615789473680024e+03 6.040563672064754863e-01
1.574791228070170064e+03 7.565799555020761291e-01
1.574966666666670108e+03 8.815447646040760477e-01
1.575142105263159920e+03 8.489493809371648769e-01
1.575317543859649959e+03 8.392087779463264230e-01
1.575492982456139998e+03 8.162589669971711537e-01
1.575668421052630038e+03 7.251249351121422659e-01
1.575843859649120077e+03 6.116587890529878724e-01
1.576019298245609889e+03 4.727245298080265945e-01
1.576194736842099928e+03 3.276608179493179507e-01
1.576370175438599972e+03 2.313951513178918451e-01
1.576545614035090011e+03 1.668220807591017374e-01
1.576721052631580051e+03 1.104691288218501571e-01
1.576896491228070090e+03 9.873289009630138724e-02
1.577071929824559902e+03 9.326864939412242428e-02
1.577247368421049941e+03 3.876878778195787245e-02
1.577422807017539981e+03 7.659083646834220771e-02
1.577598245614030020e+03 6.860829352950741089e-02
1.577773684210530064e+03 6.490211287933408957e-02
1.577949122807020103e+03 5.040999623442536659e-02
1.578124561403509915e+03 5.758478185206871575e-02
1.578299999999999955e+03 1.012511923329577485e-01
1.578475438596489994e+03 8.029701711851605639e-02
1.578650877192980033e+03 5.330841956340723331e-02
1.578826315789470073e+03 4.751157290544365253e-02
1.579001754385960112e+03 5.777484239823126727e-02
1.579177192982459928e+03 9.621458785964503990e-02
1.579352631578949968e+03 8.319544044749752065e-02
1.579528070175440007e+03 9.963567769057453394e-02
1.579703508771930046e+03 1.989898281971451965e-01
1.579878947368420086e+03 2.296370912658861896e-01
1.580054385964909898e+03 2.853248312915683260e-01
1.580229824561399937e+03 3.163522154526349217e-01
1.580405263157889976e+03 3.363085727997222052e-01
1.580580701754390020e+03 3.057563400040624879e-01
1.580756140350880059e+03 2.563881131382912959e-01
1.580931578947370099e+03 1.362698479634420201e-01
1.581107017543859911e+03 1.063353119428105814e-01
1.581282456140349950e+03 3.933896942044604050e-02
1.581457894736839989e+03 8.739221488245425135e-03
1.581633333333330029e+03 1.049728154025081177e-02
1.581808771929820068e+03 -2.086270857660076777e-02
1.581984210526320112e+03 -2.490149518255907121e-02
1.582159649122809924e+03 -2.732476714613389646e-02
1.582335087719299963e+03 -3.804774558495213534e-03
1.582510526315790003e+03 -1.440065000706790797e-02
1.582685964912280042e+03 5.603222476560267527e-03
1.582861403508770081e+03 -1.720404306296808433e-02
1.583036842105259893e+03 -8.081136847156953143e-03
1.583212280701749933e+03 -1.805931552070059315e-02
1.583387719298239972e+03 -3.088840238668530414e-02
1.583563157894740016e+03 -1.644380087831737516e-02
1.583738596491230055e+03 -8.366227666401035434e-03
1.583914035087720094e+03 4.890495428449932562e-03
1.584089473684209906e+03 -1.649131601485801304e-02
1.584264912280699946e+03 -2.903531206159864694e-02
1.584440350877189985e+03 -3.725543068313689338e-02
1.584615789473680024e+03 1.619909792513270566e-02
1.584791228070170064e+03 -1.729907333604962030e-02
1.584966666666670108e+03 -1.116962072230121526e-02
1.585142105263159920e+03 1.691182497324303716e-02
1.585317543859649959e+03 -5.182713518174994483e-03
1.585492982456139998e+03 -4.374956196983382020e-03
1.585668421052630038e+03 1.943012720989939837e-02
1.585843859649120077e+03 1.866988502524842553e-02
1.586019298245609889e+03 4.741654263236237676e-02
1.586194736842099928e+03 4.869945131896087631e-02
1.586370175438599972e+03 9.032271092860033601e-02
1.586545614035090011e+03 1.091387049987112834e-01
1.586721052631580051e+03 1.315658494459142902e-01
1.586896491228070090e+03 1.483862077813163927e-01
1.587071929824559902e+03 1.264817298360609299e-01
1.587247368421049941e+03 1.140327640624015787e-01
1.587422807017539981e+03 1.972317681451395410e-01
1.587598245614030020e+03 2.840419226049695212e-01
1.587773684210530064e+03 5.176263338389731627e-01
1.587949122807020103e+03 7.179501494945003115e-01
1.588124561403509915e+03 8.828276732906716884e-01
1.588299999999999955e+03 9.355219597142895305e-01
1.588475438596489994e+03 8.487118052544591063e-01
1.588650877192980033e+03 6.609795007822200086e-01
1.588826315789470073e+03 4.437878116547500640e-01
1.589001754385960112e+03 3.081320968310963804e-01
1.589177192982459928e+03 1.676298380802936083e-01
1.589352631578949968e+03 1.132250067412102212e-01
1.589528070175440007e+03 1.309481526708849430e-01
1.589703508771930046e+03 1.459629358177413350e-01
1.589878947368420086e+03 1.259590633341133858e-01
1.590054385964909898e+03 1.358897268711163897e-01
1.590229824561399937e+03 1.159808846605697580e-01
1.590405263157889976e+03 1.182140960779817923e-01
1.590580701754390020e+03 6.699277888712419637e-02
1.590756140350880059e+03 4.333024088986343891e-02
1.590931578947370099e+03 3.311448653361635797e-02
1.591107017543859911e+03 2.517945873132218862e-02
1.591282456140349950e+03 1.914503639065531435e-02
1.591457894736839989e+03 -7.938591437534782760e-03
1.591633333333330029e+03 1.106746317873897635e-02
1.591808771929820068e+03 -1.026683312802833398e-02
1.591984210526320112e+03 -6.212604102694180459e-04
1.592159649122809924e+03 1.092491776911680423e-02
1.592335087719299963e+03 -2.599434332299476250e-02
1.592510526315790003e+03 -2.889276665197647309e-02
1.592685964912280042e+03 -3.098343265976657990e-02
1.592861403508770081e+03 -8.366227666401035434e-03
1.593036842105259893e+03 -2.556670709412850809e-02
1.593212280701749933e+03 -2.746731255575606684e-02
1.593387719298249976e+03 -2.361858649596057166e-02
1.593563157894740016e+03 3.702617014932953806e-03
1.593738596491230055e+03 1.496370437507510420e-02
1.593914035087720094e+03 8.419325831485192924e-02
1.594089473684209906e+03 1.390732410193422086e-01
1.594264912280699946e+03 2.595241121499764492e-01
1.594440350877189985e+03 2.796230149066861737e-01
1.594615789473680024e+03 2.890785270782822436e-01
1.594791228070180068e+03 3.021451896269704007e-01
1.594966666666670108e+03 2.593815667403545633e-01
1.595142105263159920e+03 1.838800147772075566e-01
1.595317543859649959e+03 1.647314147513116445e-01
1.595492982456139998e+03 8.946743847086784107e-02
1.595668421052630038e+03 1.328962732690531501e-01
1.595843859649120077e+03 1.718111700958738219e-01
1.596019298245609889e+03 1.228230643224282465e-01
1.596194736842099928e+03 2.172831557653086276e-01
1.596370175438599972e+03 2.944952526439200691e-01
1.596545614035090011e+03 3.402048139960586193e-01
1.596721052631580051e+03 3.870547386251728672e-01
1.596896491228070090e+03 3.699017743339862996e-01
1.597071929824559902e+03 3.119808228908921843e-01
1.597247368421049941e+03 3.608738983912559428e-01
1.597422807017539981e+03 3.159245792237686534e-01
1.597598245614030020e+03 3.888127986771785505e-01
1.597773684210530064e+03 5.037994291056343554e-01
1.597949122807020103e+03 6.667763474401786628e-01
1.598124561403509915e+03 8.702836772439310753e-01
1.598299999999999955e+03 1.000000000000000000e+00
1.598475438596489994e+03 9.327660817949336991e-01
1.598650877192980033e+03 8.014817595330222533e-01
1.598826315789470073e+03 5.536903224733535911e-01
1.599001754385960112e+03 3.472370542040795760e-01
1.599177192982459928e+03 1.926227999006930591e-01
1.599352631578949968e+03 7.673338187796464871e-02
1.599528070175440007e+03 4.979229945939656760e-02
1.599703508771930046e+03 2.736515501219356772e-02
1.599878947368420086e+03 -1.962731502654316978e-02
1.600054385964909898e+03 -3.820573341395067102e-02
1.600229824561399937e+03 -5.464597065702754553e-02
1.600405263157889976e+03 -2.110028425930421739e-02
1.600580701754390020e+03 -2.029252693811260666e-02
1.600756140350880059e+03 -4.224452001990871425e-02
1.600931578947370099e+03 1.377582596155788042e-02
1.601107017543859911e+03 -1.364040782241693686e-02
1.601282456140349950e+03 -1.672889169756145919e-02
1.601457894736839989e+03 -2.189259916111997283e-03
1.601633333333330029e+03 -3.207628080020227118e-02
1.601808771929820068e+03 7.266252255484119925e-03
1.601984210526320112e+03 2.399158031780496483e-02
1.602159649122809924e+03 6.030858705426259125e-03
1.602335087719299963e+03 1.235037186533747243e-02
1.602510526315790003e+03 -1.524048004542309740e-03
1.602685964912280042e+03 -1.112210558576057738e-02
1.602861403508770081e+03 -8.841379031807664046e-03
1.603036842105259893e+03 -3.483215871956207160e-02
1.603212280701749933e+03 -5.060718405106914147e-02
1.603387719298249976e+03 -2.129034480546702565e-02
1.603563157894740016e+03 -4.072403565060676855e-02
1.603738596491230055e+03 -4.799385154133150450e-02
1.603914035087720094e+03 -8.508773076022945608e-03
1.604089473684209906e+03 -3.274149271177196480e-02
1.604264912280699946e+03 -1.031434826456896839e-02
1.604440350877189985e+03 1.515376492123765226e-02
1.604615789473680024e+03 3.322495922607353325e-03
1.604791228070180068e+03 -2.569381008437362710e-03
1.604966666666670108e+03 -4.850107562390266504e-03
1.605142105263159920e+03 -1.587361923982895037e-02
1.605317543859649959e+03 2.337388354277616584e-02
1.605492982456139998e+03 -9.934227172243613804e-03
1.605668421052630038e+03 -4.279925923902102788e-03
1.605843859649120077e+03 -1.653883115139865093e-02
1.606019298245609889e+03 -1.121713585884211162e-02
1.606194736842109933e+03 -6.513137341314373906e-03
1.606370175438599972e+03 -2.162295076125174062e-02
1.606545614035090011e+03 1.389817743815531200e-04
1.606721052631580051e+03 -2.247822321898424944e-02
1.606896491228070090e+03 -5.515319473959958384e-03
1.607071929824559902e+03 -4.595070067008203557e-02
1.607247368421049941e+03 -1.188234777041154849e-02
1.607422807017539981e+03 -9.031439577970472310e-03
1.607598245614040025e+03 -1.896210311497347270e-02
1.607773684210530064e+03 1.372831082501724427e-02
1.607949122807020103e+03 -3.183870511749882504e-02
1.608124561403509915e+03 -2.542416168450659791e-02
1.608299999999999955e+03 -4.523797362197196081e-02
1.608475438596489994e+03 -3.996379346595606286e-02
1.608650877192980033e+03 -5.882730267260775914e-02
1.608826315789470073e+03 -4.685348826435518227e-02
1.609001754385969889e+03 -3.730294581967753126e-02
1.609177192982459928e+03 -3.193373539058035754e-02
1.609352631578949968e+03 -2.875022124235456639e-02
1.609528070175440007e+03 -1.292768077430660016e-02
1.609703508771930046e+03 -3.312161380409732458e-02
1.609878947368420086e+03 -1.877204256881066444e-02
1.610054385964909898e+03 5.840798159263711938e-03
1.610229824561399937e+03 -2.656452496148292361e-02
1.610405263157889976e+03 -3.117349320592938816e-02
1.610580701754390020e+03 -3.796815773124723181e-02
1.610756140350880059e+03 -3.891846046206100945e-02
1.610931578947370099e+03 -2.490149518255907121e-02
1.611107017543859911e+03 -1.430561973398637200e-02
1.611282456140349950e+03 -2.898779692505800906e-02
1.611457894736839989e+03 -2.414125299790809837e-02
1.611633333333330029e+03 1.136799641735964034e-03
