1.560164999999999964e+03 5.645931771505280534e-03
1.560199188107490045e+03 5.697003368287421356e-03
1.560233376214979899e+03 5.755781040811373990e-03
1.560267564322469980e+03 5.823224902724966068e-03
1.560301752429959834e+03 5.900238201490065441e-03
1.560335940537449915e+03 5.987582242706373202e-03
1.560370128644939996e+03 6.085767572248813179e-03
1.560404316752429850e+03 6.194923367370684837e-03
1.560438504859919931e+03 6.314651068340015189e-03
1.560472692967410012e+03 6.443873200106314467e-03
1.560506881074899866e+03 6.580693393817047855e-03
1.560541069182389947e+03 6.722287749466038242e-03
1.560575257289879801e+03 6.864849600681217565e-03
1.560609445397369882e+03 7.003608279752192474e-03
1.560643633504859963e+03 7.132936989171575690e-03
1.560677821612349817e+03 7.246555598078210231e-03
1.560712009719839898e+03 7.337822334797272292e-03
1.560746197827329979e+03 7.400095969747783574e-03
1.560780385934819833e+03 7.427139487929743621e-03
1.560814574042309914e+03 7.413529402604913249e-03
1.560848762149799768e+03 7.355032880331115359e-03
1.560882950257289849e+03 7.248917809613231178e-03
1.560917138364779930e+03 7.094168027391787278e-03
1.560951326472269784e+03 6.891585751849986334e-03
1.560985514579759865e+03 6.643774341278406437e-03
1.561019702687249719e+03 6.355005438333946773e-03
1.561053890794739800e+03 6.030984287582535561e-03
1.561088078902229881e+03 5.678534763434212387e-03
1.561122267009719735e+03 5.305230924788659902e-03
1.561156455117209816e+03 4.919004474452484503e-03
1.561190643224699897e+03 4.527757327628984148e-03
1.561224831332189751e+03 4.139005794697249267e-03
1.561259019439679832e+03 3.759578087998022896e-03
1.561293207547169686e+03 3.395380582924717536e-03
1.561327395654659767e+03 3.051241230698851625e-03
1.561361583762149849e+03 2.730831494079679050e-03
1.561395771869639702e+03 2.436661853977426656e-03
1.561429959977129784e+03 2.170140864229982806e-03
1.561464148084619637e+03 1.931684261323798023e-03
1.561498336192109718e+03 1.720858889495065517e-03
1.561532524299599800e+03 1.536546092125211068e-03
1.561566712407089653e+03 1.377110489806536442e-03
1.561600900514579735e+03 1.240562344169257722e-03
1.561635088622069816e+03 1.124704577786239668e-03
1.561669276729559670e+03 1.027258580717432118e-03
1.561703464837049751e+03 9.459658407296022559e-04
1.561737652944539605e+03 8.786649348081068201e-04
1.561771841052029686e+03 8.233453643888742840e-04
1.561806029159519767e+03 7.781810534702604141e-04
1.561840217267009621e+03 7.415470859969133192e-04
1.561874405374499702e+03 7.120235225861409152e-04
1.561908593481989783e+03 6.883900247055928104e-04
1.561942781589479637e+03 6.696146534724582364e-04
1.561976969696969718e+03 6.548397173583357612e-04
1.562011157804459572e+03 6.433670133235921702e-04
1.562045345911949653e+03 6.346443060927538628e-04
1.562079534019439734e+03 6.282544578095815508e-04
1.562113722126929588e+03 6.239082656996458283e-04
1.562147910234419669e+03 6.214417771406651088e-04
1.562182098341909523e+03 6.208186021865144981e-04
1.562216286449399604e+03 6.221374958404767876e-04
1.562250474556889685e+03 6.256451954065453055e-04
1.562284662664379539e+03 6.317541338182799124e-04
1.562318850771869620e+03 6.410641784792163239e-04
1.562353038879359701e+03 6.543869525314381305e-04
1.562387226986849555e+03 6.727705888727652725e-04
1.562421415094339636e+03 6.975219814502620899e-04
1.562455603201829490e+03 7.302228000297733210e-04
1.562489791309319571e+03 7.727348236766152676e-04
1.562523979416809652e+03 8.271896543912392059e-04
1.562558167524299506e+03 8.959577458995795834e-04
1.562592355631789587e+03 9.815920773383393898e-04
1.562626543739279668e+03 1.086742851322679152e-03
1.562660731846769522e+03 1.214041385507733713e-03
1.562694919954259603e+03 1.365953901510308507e-03
1.562729108061749457e+03 1.544609093433398127e-03
1.562763296169239538e+03 1.751606954770944767e-03
1.562797484276729620e+03 1.987820007141812267e-03
1.562831672384219473e+03 2.253201353860206577e-03
1.562865860491709554e+03 2.546616365034695857e-03
1.562900048599199408e+03 2.865715788551931667e-03
1.562934236706689489e+03 3.206867266632216270e-03
1.562968424814179571e+03 3.565159394002042400e-03
1.563002612921669424e+03 3.934487606406495731e-03
1.563036801029159506e+03 4.307724656034090521e-03
1.563070989136649587e+03 4.676970822665829468e-03
1.563105177244139441e+03 5.033871170130693913e-03
1.563139365351629522e+03 5.369980060669236020e-03
1.563173553459119375e+03 5.677147746359685436e-03
1.563207741566609457e+03 5.947900959809125296e-03
1.563241929674099538e+03 6.175789509191065285e-03
1.563276117781589392e+03 6.355674020832300687e-03
1.563310305889079473e+03 6.483935800239174103e-03
1.563344493996569327e+03 6.558597535414693695e-03
1.563378682104059408e+03 6.579352195665748478e-03
1.563412870211549489e+03 6.547505818362653156e-03
1.563447058319039343e+03 6.465846831600173192e-03
1.563481246426529424e+03 6.338459290301181812e-03
1.563515434534019505e+03 6.170499450485880666e-03
1.563549622641509359e+03 5.967954464782016834e-03
1.563583810748999440e+03 5.737399078955505993e-03
1.563617998856489294e+03 5.485761811695539364e-03
1.563652186963979375e+03 5.220107164170430594e-03
1.563686375071469456e+03 4.947435896565285582e-03
1.563720563178959310e+03 4.674502124602692398e-03
1.563754751286449391e+03 4.407644426471624133e-03
1.563788939393939472e+03 4.152628430023680949e-03
1.563823127501429326e+03 3.914500215119014193e-03
1.563857315608919407e+03 3.697452752644058132e-03
1.563891503716409261e+03 3.504710760712552269e-03
1.563925691823899342e+03 3.338442004525140738e-03
1.563959879931389423e+03 3.199704524442326201e-03
1.563994068038879277e+03 3.088439100053901043e-03
1.564028256146369358e+03 3.003514296668224805e-03
1.564062444253859212e+03 2.942827855516864238e-03
1.564096632361349293e+03 2.903463411920948097e-03
1.564130820468839374e+03 2.881896179374682752e-03
1.564165008576329228e+03 2.874236032238979346e-03
1.564199196683819309e+03 2.876492045978616338e-03
1.564233384791309390e+03 2.884839587388434486e-03
1.564267572898799244e+03 2.895869878630830552e-03
1.564301761006289325e+03 2.906802753895005448e-03
1.564335949113779179e+03 2.915646019187453312e-03
1.564370137221269260e+03 2.921289135561984038e-03
1.564404325328759342e+03 2.923524427386910412e-03
1.564438513436249195e+03 2.922995114402124773e-03
1.564472701543739277e+03 2.921075580902729972e-03
1.564506889651229130e+03 2.919694851688258135e-03
1.564541077758719211e+03 2.921118747253058801e-03
1.564575265866209293e+03 2.927709269719499900e-03
1.564609453973699146e+03 2.941681207766755866e-03
1.564643642081189228e+03 2.964875685097680905e-03
1.564677830188679309e+03 2.998568505902688298e-03
1.564712018296169163e+03 3.043327893883073215e-03
1.564746206403659244e+03 3.098931897279798720e-03
1.564780394511149098e+03 3.164350722112122503e-03
1.564814582618639179e+03 3.237793970089250777e-03
1.564848770726129260e+03 3.316817607936446092e-03
1.564882958833619114e+03 3.398480869798168550e-03
1.564917146941109195e+03 3.479539539415826051e-03
1.564951335048599276e+03 3.556659457405215476e-03
1.564985523156089130e+03 3.626632853686845466e-03
1.565019711263579211e+03 3.686580318524129013e-03
1.565053899371069065e+03 3.734122883737921259e-03
1.565088087478559146e+03 3.767511647940791162e-03
1.565122275586049227e+03 3.785706380246737536e-03
1.565156463693539081e+03 3.788399201260897724e-03
1.565190651801029162e+03 3.775984317793107826e-03
1.565224839908519016e+03 3.749479399487074503e-03
1.565259028016009097e+03 3.710408078982810852e-03
1.565293216123499178e+03 3.660655862190351304e-03
1.565327404230989032e+03 3.602313210299991613e-03
1.565361592338479113e+03 3.537519616800908779e-03
1.565395780445969194e+03 3.468321232497115214e-03
1.565429968553459048e+03 3.396552219297857816e-03
1.565464156660949129e+03 3.323746881080088481e-03
1.565498344768438983e+03 3.251086129633911064e-03
1.565532532875929064e+03 3.179378402577611937e-03
1.565566720983419145e+03 3.109072116935762773e-03
1.565600909090908999e+03 3.040294386088378525e-03
1.565635097198399080e+03 2.972909204288847265e-03
1.565669285305889161e+03 2.906587647587574250e-03
1.565703473413379015e+03 2.840882781054029482e-03
1.565737661520869096e+03 2.775302746498623657e-03
1.565771849628358950e+03 2.709376731798535283e-03
1.565806037735849031e+03 2.642709979688831392e-03
1.565840225843339113e+03 2.575025486670212693e-03
1.565874413950828966e+03 2.506191418854359244e-03
1.565908602058319048e+03 2.436234430973834107e-03
1.565942790165808901e+03 2.365339970327246227e-03
1.565976978273298982e+03 2.293841276830871183e-03
1.566011166380789064e+03 2.222199182446824798e-03
1.566045354488278917e+03 2.150975012587002903e-03
1.566079542595768999e+03 2.080798945065813390e-03
1.566113730703259080e+03 2.012336127302358311e-03
1.566147918810748934e+03 1.946252715698625242e-03
1.566182106918239015e+03 1.883183796103212078e-03
1.566216295025728868e+03 1.823704876368888259e-03
1.566250483133218950e+03 1.768308314135335485e-03
1.566284671240709031e+03 1.717385661327022967e-03
1.566318859348198885e+03 1.671216485000272256e-03
1.566353047455688966e+03 1.629963784339134988e-03
1.566387235563178820e+03 1.593675695187792658e-03
1.566421423670668901e+03 1.562292789244017210e-03
1.566455611778158982e+03 1.535659965878185358e-03
1.566489799885648836e+03 1.513541724584721191e-03
1.566523987993138917e+03 1.495639508646917984e-03
1.566558176100628998e+03 1.481609826306330919e-03
1.566592364208118852e+03 1.471081972744508592e-03
1.566626552315608933e+03 1.463674372561171461e-03
1.566660740423098787e+03 1.459008809839651422e-03
1.566694928530588868e+03 1.456722080947906936e-03
1.566729116638078949e+03 1.456474865615198363e-03
1.566763304745568803e+03 1.457957841535064900e-03
1.566797492853058884e+03 1.460895251036876865e-03
1.566831680960548965e+03 1.465046257402566289e-03
1.566865869068038819e+03 1.470204502666570389e-03
1.566900057175528900e+03 1.476196303586348700e-03
1.566934245283018754e+03 1.482877907227128124e-03
1.566968433390508835e+03 1.490132183539314521e-03
1.567002621497998916e+03 1.497865070857761849e-03
1.567036809605488770e+03 1.506002021650928871e-03
1.567070997712978851e+03 1.514484628252854006e-03
1.567105185820468705e+03 1.523267547426472232e-03
1.567139373927958786e+03 1.532315791718671764e-03
1.567173562035448867e+03 1.541602415873105474e-03
1.567207750142938721e+03 1.551106597678440389e-03
1.567241938250428802e+03 1.560812093135282219e-03
1.567276126357918884e+03 1.570706033814293218e-03
1.567310314465408737e+03 1.580778027775624379e-03
1.567344502572898818e+03 1.591019522690134604e-03
1.567378690680388672e+03 1.601423389524190720e-03
1.567412878787878753e+03 1.611983686469357262e-03
1.567447066895368835e+03 1.622695565296196959e-03
1.567481255002858688e+03 1.633555285906158850e-03
1.567515443110348770e+03 1.644560309681033193e-03
1.567549631217838851e+03 1.655709448512071883e-03
1.567583819325328705e+03 1.667003054342530060e-03
1.567618007432818786e+03 1.678443243795028168e-03
1.567652195540308639e+03 1.690034163945298507e-03
1.567686383647798721e+03 1.701782318325989474e-03
1.567720571755288802e+03 1.713696986361669871e-03
1.567754759862778656e+03 1.725790783962712072e-03
1.567788947970268737e+03 1.738080426957603090e-03
1.567823136077758591e+03 1.750587771072851682e-03
1.567857324185248672e+03 1.763341210485611229e-03
1.567891512292738753e+03 1.776377519264565148e-03
1.567925700400228607e+03 1.789744213405762693e-03
1.567959888507718688e+03 1.803502492267075640e-03
1.567994076615208769e+03 1.817730783272938737e-03
1.568028264722698623e+03 1.832528859109112561e-03
1.568062452830188704e+03 1.848022419244774693e-03
1.568096640937678558e+03 1.864367926083461023e-03
1.568130829045168639e+03 1.881757361660948546e-03
1.568165017152658720e+03 1.900422428870318084e-03
1.568199205260148574e+03 1.920637572155026260e-03
1.568233393367638655e+03 1.942721052873960753e-03
1.568267581475128509e+03 1.967033206523266346e-03
1.568301769582618590e+03 1.993970960092259458e-03
1.568335957690108671e+03 2.023957728000851282e-03
1.568370145797598525e+03 2.057427962955532715e-03
1.568404333905088606e+03 2.094805935760538432e-03
1.568438522012578687e+03 2.136478765110801353e-03
1.568472710120068541e+03 2.182764305523464399e-03
1.568506898227558622e+03 2.233875196252776800e-03
1.568541086335048476e+03 2.289881118029622655e-03
1.568575274442538557e+03 2.350672015448100963e-03
1.568609462550028638e+03 2.415925620687107804e-03
1.568643650657518492e+03 2.485082952287511002e-03
1.568677838765008573e+03 2.557335462796260072e-03
1.568712026872498654e+03 2.631627099176004313e-03
1.568746214979988508e+03 2.706673690838165038e-03
1.568780403087478589e+03 2.781000818859738748e-03
1.568814591194968443e+03 2.852999735284406872e-03
1.568848779302458524e+03 2.920999140908844566e-03
1.568882967409948606e+03 2.983348886006475468e-03
1.568917155517438459e+03 3.038510145140937372e-03
1.568951343624928541e+03 3.085145540730842555e-03
1.568985531732418394e+03 3.122202216967554303e-03
1.569019719839908475e+03 3.148981094958104229e-03
1.569053907947398557e+03 3.165186483206666040e-03
1.569088096054888410e+03 3.170951792284098982e-03
1.569122284162378492e+03 3.166839139959665671e-03
1.569156472269868573e+03 3.153812899882960877e-03
1.569190660377358427e+03 3.133189478041422185e-03
1.569224848484848508e+03 3.106567538227665310e-03
1.569259036592338362e+03 3.075744326442691936e-03
1.569293224699828443e+03 3.042624525149137567e-03
1.569327412807318524e+03 3.009128155234092744e-03
1.569361600914808378e+03 2.977103486098464907e-03
1.569395789022298459e+03 2.948249845491538335e-03
1.569429977129788313e+03 2.924053831316008028e-03
1.569464165237278394e+03 2.905740932275328522e-03
1.569498353344768475e+03 2.894243165560750775e-03
1.569532541452258329e+03 2.890182196904836874e-03
1.569566729559748410e+03 2.893866615059426280e-03
1.569600917667238491e+03 2.905301608832992592e-03
1.569635105774728345e+03 2.924209191143181674e-03
1.569669293882218426e+03 2.950057230574793053e-03
1.569703481989708280e+03 2.982095760464476691e-03
1.569737670097198361e+03 3.019399215486304015e-03
1.569771858204688442e+03 3.060913302489033996e-03
1.569806046312178296e+03 3.105505100748888990e-03
1.569840234419668377e+03 3.152014718255001773e-03
1.569874422527158458e+03 3.199306469316162173e-03
1.569908610634648312e+03 3.246317186847959713e-03
1.569942798742138393e+03 3.292099057718080903e-03
1.569976986849628247e+03 3.335854378441062851e-03
1.570011174957118328e+03 3.376959943459433098e-03
1.570045363064608409e+03 3.414979418821300836e-03
1.570079551172098263e+03 3.449662979503369514e-03
1.570113739279588344e+03 3.480934601465745463e-03
1.570147927387078198e+03 3.508868560092239137e-03
1.570182115494568279e+03 3.533657735825481653e-03
1.570216303602058360e+03 3.555577113751315528e-03
1.570250491709548214e+03 3.574946268203648379e-03
1.570284679817038295e+03 3.592094581678059988e-03
1.570318867924528377e+03 3.607332460355857588e-03
1.570353056032018230e+03 3.620930942900783128e-03
1.570387244139508311e+03 3.633110976303129212e-03
1.570421432246998165e+03 3.644042408836818681e-03
1.570455620354488246e+03 3.653851591902194419e-03
1.570489808461978328e+03 3.662635539671573945e-03
1.570523996569468181e+03 3.670479979555043779e-03
1.570558184676958263e+03 3.677478395738342787e-03
1.570592372784448344e+03 3.683749322012978833e-03
1.570626560891938198e+03 3.689449624462371596e-03
1.570660748999428279e+03 3.694782233878286717e-03
1.570694937106918132e+03 3.699997623833436305e-03
1.570729125214408214e+03 3.705389161997699448e-03
1.570763313321898295e+03 3.711283183553842381e-03
1.570797501429388149e+03 3.718025168946189739e-03
1.570831689536878230e+03 3.725963711834041903e-03
1.570865877644368084e+03 3.735434031493194487e-03
1.570900065751858165e+03 3.746742642926226101e-03
1.570934253859348246e+03 3.760154496244346323e-03
1.570968441966838100e+03 3.775883495339768178e-03
1.571002630074328181e+03 3.794086867250980565e-03
1.571036818181818262e+03 3.814863433989386463e-03
1.571071006289308116e+03 3.838255481301703406e-03
1.571105194396798197e+03 3.864253651533385622e-03
1.571139382504288051e+03 3.892804122111329004e-03
1.571173570611778132e+03 3.923817264816274394e-03
1.571207758719268213e+03 3.957177000909191215e-03
1.571241946826758067e+03 3.992750153528843056e-03
1.571276134934248148e+03 4.030395228985233537e-03
1.571310323041738002e+03 4.069970210530182708e-03
1.571344511149228083e+03 4.111339102720153009e-03
1.571378699256718164e+03 4.154377106805272855e-03
1.571412887364208018e+03 4.198974427789389265e-03
1.571447075471698099e+03 4.245038806690521263e-03
1.571481263579188180e+03 4.292496935816192578e-03
1.571515451686678034e+03 4.341294952239224854e-03
1.571549639794168115e+03 4.391398218736046986e-03
1.571583827901657969e+03 4.442790596873458925e-03
1.571618016009148050e+03 4.495473398657942425e-03
1.571652204116638131e+03 4.549464175978093668e-03
1.571686392224127985e+03 4.604795475292001138e-03
1.571720580331618066e+03 4.661513652326931996e-03
1.571754768439108148e+03 4.719677810951514521e-03
1.571788956546598001e+03 4.779358904080740003e-03
1.571823144654088082e+03 4.840639013931643912e-03
1.571857332761577936e+03 4.903610814824959328e-03
1.571891520869068017e+03 4.968377213935136483e-03
1.571925708976558099e+03 5.035051163178725329e-03
1.571959897084047952e+03 5.103755637551446282e-03
1.571994085191538034e+03 5.174623780146575536e-03
1.572028273299027887e+03 5.247799220236363041e-03
1.572062461406517968e+03 5.323436576775399109e-03
1.572096649514008050e+03 5.401702164429281368e-03
1.572130837621497903e+03 5.482774922095739328e-03
1.572165025728987985e+03 5.566847584615826003e-03
1.572199213836478066e+03 5.654128117020216018e-03
1.572233401943967920e+03 5.744841427444435412e-03
1.572267590051458001e+03 5.839231370056922887e-03
1.572301778158947855e+03 5.937563043247598947e-03
1.572335966266437936e+03 6.040125381210550461e-03
1.572370154373928017e+03 6.147234029347083475e-03
1.572404342481417871e+03 6.259234486375966217e-03
1.572438530588907952e+03 6.376505490007721225e-03
1.572472718696398033e+03 6.499462620671123125e-03
1.572506906803887887e+03 6.628562102190912152e-03
1.572541094911377968e+03 6.764304793611610953e-03
1.572575283018867822e+03 6.907240397481821149e-03
1.572609471126357903e+03 7.057971962285434185e-03
1.572643659233847984e+03 7.217160835742747818e-03
1.572677847341337838e+03 7.385532336211327216e-03
1.572712035448827919e+03 7.563882555045253753e-03
1.572746223556317773e+03 7.753086885707025262e-03
1.572780411663807854e+03 7.954111096535763578e-03
1.572814599771297935e+03 8.168026023782656506e-03
1.572848787878787789e+03 8.396027261674926870e-03
1.572882975986277870e+03 8.639461573202375511e-03
1.572917164093767951e+03 8.899862154283769491e-03
1.572951352201257805e+03 9.178995384833349772e-03
1.572985540308747886e+03 9.478922344208670983e-03
1.573019728416237740e+03 9.802079235109072836e-03
1.573053916523727821e+03 1.015138206311041839e-02
1.573088104631217902e+03 1.053036261003371075e-02
1.573122292738707756e+03 1.094334510434571972e-02
1.573156480846197837e+03 1.139567623916262241e-02
1.573190668953687691e+03 1.189402552200848409e-02
1.573224857061177772e+03 1.244677851320728432e-02
1.573259045168667853e+03 1.306455235332340883e-02
1.573293233276157707e+03 1.376087090801763300e-02
1.573327421383647788e+03 1.455304534542801141e-02
1.573361609491137870e+03 1.546331400536714827e-02
1.573395797598627723e+03 1.652030141122595372e-02
1.573429985706117805e+03 1.776085789716950677e-02
1.573464173813607658e+03 1.923233552898505686e-02
1.573498361921097739e+03 2.099533912051637294e-02
1.573532550028587821e+03 2.312695919613692169e-02
1.573566738136077674e+03 2.572444292946604594e-02
1.573600926243567756e+03 2.890918658464845109e-02
1.573635114351057837e+03 3.283083797420589811e-02
1.573669302458547691e+03 3.767118224974503465e-02
1.573703490566037772e+03 4.364735557248144299e-02
1.573737678673527626e+03 5.101380066503156258e-02
1.573771866781017707e+03 6.006226324474088496e-02
1.573806054888507788e+03 7.111905121151690379e-02
1.573840242995997642e+03 8.453876490916617525e-02
1.573874431103487723e+03 1.006937829690162794e-01
1.573908619210977577e+03 1.199589767324884676e-01
1.573942807318467658e+03 1.426914410424145463e-01
1.573976995425957739e+03 1.692054706095461325e-01
1.574011183533447593e+03 1.997435613680661748e-01
1.574045371640937674e+03 2.344448364995843637e-01
1.574079559748427755e+03 2.733129274714364843e-01
1.574113747855917609e+03 3.161859043884161502e-01
1.574147935963407690e+03 3.627112599009797433e-01
1.574182124070897544e+03 4.123291201184248189e-01
1.574216312178387625e+03 4.642667114438319143e-01
1.574250500285877706e+03 5.175466085262270255e-01
1.574284688393367560e+03 5.710104199037466799e-01
1.574318876500857641e+03 6.233583765492504147e-01
1.574353064608347722e+03 6.732038663434392056e-01
1.574387252715837576e+03 7.191404403987777805e-01
1.574421440823327657e+03 7.598173714114886401e-01
1.574455628930817511e+03 7.940186462001542766e-01
1.574489817038307592e+03 8.207394865523837124e-01
1.574524005145797673e+03 8.392542381715891731e-01
1.574558193253287527e+03 8.491698117115549227e-01
1.574592381360777608e+03 8.504597960125768186e-01
1.574626569468267462e+03 8.434758117065981331e-01
1.574660757575757543e+03 8.289344892154129063e-01
1.574694945683247624e+03 8.078804498081858521e-01
1.574729133790737478e+03 7.816276338209637853e-01
1.574763321898227559e+03 7.516830575081524524e-01
1.574797510005717641e+03 7.196584250172234354e-01
1.574831698113207494e+03 6.871758636365093986e-01
1.574865886220697575e+03 6.557743402661492249e-01
1.574900074328187429e+03 6.268230682098702156e-01
1.574934262435677510e+03 6.014474911800221646e-01
1.574968450543167592e+03 5.804723376669504997e-01
1.575002638650657445e+03 5.643848939521772801e-01
1.575036826758147527e+03 5.533201703299115426e-01
1.575071014865637380e+03 5.470681440064162349e-01
1.575105202973127462e+03 5.451018470784069203e-01
1.575139391080617543e+03 5.466238025270162559e-01
1.575173579188107396e+03 5.506272514178972566e-01
1.575207767295597478e+03 5.559678034625029630e-01
1.575241955403087559e+03 5.614406145846847496e-01
1.575276143510577413e+03 5.658579754253076910e-01
1.575310331618067494e+03 5.681223009373044253e-01
1.575344519725557348e+03 5.672899468086891606e-01
1.575378707833047429e+03 5.626220270630180043e-01
1.575412895940537510e+03 5.536194272821336471e-01
1.575447084048027364e+03 5.400404302159801384e-01
1.575481272155517445e+03 5.219007002512108251e-01
1.575515460263007526e+03 4.994566973162625212e-01
1.575549648370497380e+03 4.731747902095907454e-01
1.575583836477987461e+03 4.436893036102408927e-01
1.575618024585477315e+03 4.117533752008126213e-01
1.575652212692967396e+03 3.781867679643959868e-01
1.575686400800457477e+03 3.438246688749148627e-01
1.575720588907947331e+03 3.094710430592166328e-01
1.575754777015437412e+03 2.758593735562606675e-01
1.575788965122927266e+03 2.436226988090191004e-01
1.575823153230417347e+03 2.132738728738186040e-01
1.575857341337907428e+03 1.851960241220772518e-01
1.575891529445397282e+03 1.596423680920491528e-01
1.575925717552887363e+03 1.367439047022150356e-01
1.575959905660377444e+03 1.165231342677633952e-01
1.575994093767867298e+03 9.891176489856652598e-02
1.576028281875357379e+03 8.377043335459588569e-02
1.576062469982847233e+03 7.090867996937710860e-02
1.576096658090337314e+03 6.010375224951437778e-02
1.576130846197827395e+03 5.111720495943210263e-02
1.576165034305317249e+03 4.370866532465638582e-02
1.576199222412807330e+03 3.764649885425867121e-02
1.576233410520297184e+03 3.271541552853344387e-02
1.576267598627787265e+03 2.872128255436237620e-02
1.576301786735277346e+03 2.549355556131559231e-02
1.576335974842767200e+03 2.288581155662102948e-02
1.576370162950257281e+03 2.077487707409849185e-02
1.576404351057747363e+03 1.905900975882439397e-02
1.576438539165237216e+03 1.765552750520989547e-02
1.576472727272727298e+03 1.649820091688707427e-02
1.576506915380217151e+03 1.553464408221499546e-02
1.576541103487707232e+03 1.472386386207621273e-02
1.576575291595197314e+03 1.403406416444118003e-02
1.576609479702687167e+03 1.344075130485731552e-02
1.576643667810177249e+03 1.292514964648587387e-02
1.576677855917667330e+03 1.247291196782874916e-02
1.576712044025157184e+03 1.207309432494115681e-02
1.576746232132647265e+03 1.171735819082405337e-02
1.576780420240137119e+03 1.139936109327212288e-02
1.576814608347627200e+03 1.111429887145916166e-02
1.576848796455117281e+03 1.085856648318620464e-02
1.576882984562607135e+03 1.062950890220499059e-02
1.576917172670097216e+03 1.042523832467690155e-02
1.576951360777587070e+03 1.024449825862166520e-02
1.576985548885077151e+03 1.008655895346371144e-02
1.577019736992567232e+03 9.951132067395850739e-03
1.577053925100057086e+03 9.838295605232331639e-03
1.577088113207547167e+03 9.748423175072103500e-03
1.577122301315037248e+03 9.682114693545648340e-03
1.577156489422527102e+03 9.640128956640365426e-03
1.577190677530017183e+03 9.623322042871638657e-03
1.577224865637507037e+03 9.632599269624257318e-03
1.577259053744997118e+03 9.668892184620633129e-03
1.577293241852487199e+03 9.733175493746290541e-03
1.577327429959977053e+03 9.826541405758400238e-03
1.577361618067467134e+03 9.950349988878203975e-03
1.577395806174957215e+03 1.010647307912597957e-02
1.577429994282447069e+03 1.029764534495351304e-02
1.577464182389937150e+03 1.052792868343956599e-02
1.577498370497427004e+03 1.080328481076486651e-02
1.577532558604917085e+03 1.113223569425969041e-02
1.577566746712407166e+03 1.152657285283204859e-02
1.577600934819897020e+03 1.200205567078594694e-02
1.577635122927387101e+03 1.257901759713327648e-02
1.577669311034876955e+03 1.328278003450003228e-02
1.577703499142367036e+03 1.414376006560869904e-02
1.577737687249857117e+03 1.519715348429492158e-02
1.577771875357346971e+03 1.648208240702820140e-02
1.577806063464837052e+03 1.804011996716358215e-02
1.577840251572327134e+03 1.991314494916615607e-02
1.577874439679816987e+03 2.214053656313879487e-02
1.577908627787307069e+03 2.475579136274622463e-02
1.577942815894796922e+03 2.778272534756210527e-02
1.577977004002287003e+03 3.123150668475473818e-02
1.578011192109777085e+03 3.509483818567251528e-02
1.578045380217266938e+03 3.934466242571373062e-02
1.578079568324757020e+03 4.392978514218744829e-02
1.578113756432246873e+03 4.877479512317971916e-02
1.578147944539736955e+03 5.378059572066220401e-02
1.578182132647227036e+03 5.882675411669974902e-02
1.578216320754716889e+03 6.377572550958236774e-02
1.578250508862206971e+03 6.847883284872510745e-02
1.578284696969697052e+03 7.278369659618229293e-02
1.578318885077186906e+03 7.654263489781817920e-02
1.578353073184676987e+03 7.962141513658615999e-02
1.578387261292166841e+03 8.190765344630131228e-02
1.578421449399656922e+03 8.331814417670878326e-02
1.578455637507147003e+03 8.380446310682310163e-02
1.578489825614636857e+03 8.335632323991780390e-02
1.578524013722126938e+03 8.200235728694442450e-02
1.578558201829617019e+03 7.980823512088469629e-02
1.578592389937106873e+03 7.687227074451581654e-02
1.578626578044596954e+03 7.331890312008139399e-02
1.578660766152086808e+03 6.929062233126924431e-02
1.578694954259576889e+03 6.493903667207830133e-02
1.578729142367066970e+03 6.041582558511764123e-02
1.578763330474556824e+03 5.586429582852629055e-02
1.578797518582046905e+03 5.141216119270308055e-02
1.578831706689536759e+03 4.716601467373880002e-02
1.578865894797026840e+03 4.320777660677575099e-02
1.578900082904516921e+03 3.959320538448025256e-02
1.578934271012006775e+03 3.635237067825665414e-02
1.578968459119496856e+03 3.349183077470023473e-02
1.579002647226986937e+03 3.099813878226744673e-02
1.579036835334476791e+03 2.884223403709023845e-02
1.579071023441966872e+03 2.698425596609569863e-02
1.579105211549456726e+03 2.537834354756277055e-02
1.579139399656946807e+03 2.397704586475960659e-02
1.579173587764436888e+03 2.273505704444291411e-02
1.579207775871926742e+03 2.161209008894493869e-02
1.579241963979416823e+03 2.057480716346050953e-02
1.579276152086906677e+03 1.959781878249793052e-02
1.579310340194396758e+03 1.866384341257047372e-02
1.579344528301886839e+03 1.776317741437394293e-02
1.579378716409376693e+03 1.689266096817461371e-02
1.579412904516866774e+03 1.605433923589719841e-02
1.579447092624356856e+03 1.525401220456185786e-02
1.579481280731846709e+03 1.449984561015639668e-02
1.579515468839336791e+03 1.380118403392763433e-02
1.579549656946826644e+03 1.316767077328115723e-02
1.579583845054316726e+03 1.260874198280120817e-02
1.579618033161806807e+03 1.213352841974223856e-02
1.579652221269296660e+03 1.175116914672532341e-02
1.579686409376786742e+03 1.147151851241053067e-02
1.579720597484276823e+03 1.130621001755676390e-02
1.579754785591766677e+03 1.127002650155065760e-02
1.579788973699256758e+03 1.138251295401225029e-02
1.579823161806746612e+03 1.166975350459855017e-02
1.579857349914236693e+03 1.216621558225122746e-02
1.579891538021726774e+03 1.291654079278918045e-02
1.579925726129216628e+03 1.397713435709411686e-02
1.579959914236706709e+03 1.541737567083816679e-02
1.579994102344196563e+03 1.732024655464531326e-02
1.580028290451686644e+03 1.978215781496565559e-02
1.580062478559176725e+03 2.291175673908317847e-02
1.580096666666666579e+03 2.682752596635435555e-02
1.580130854774156660e+03 3.165404404675201122e-02
1.580165042881646741e+03 3.751687273624478014e-02
1.580199230989136595e+03 4.453616339599669044e-02
1.580233419096626676e+03 5.281922613874884265e-02
1.580267607204116530e+03 6.245246531433813059e-02
1.580301795311606611e+03 7.349323248791056473e-02
1.580335983419096692e+03 8.596225871117070538e-02
1.580370171526586546e+03 9.983737724627636534e-02
1.580404359634076627e+03 1.150492162808035984e-01
1.580438547741566708e+03 1.314794182430141234e-01
1.580472735849056562e+03 1.489617310108526382e-01
1.580506923956546643e+03 1.672860348507589634e-01
1.580541112064036497e+03 1.862050503426838644e-01
1.580575300171526578e+03 2.054431610752720516e-01
1.580609488279016659e+03 2.247065296024638170e-01
1.580643676386506513e+03 2.436935316457998768e-01
1.580677864493996594e+03 2.621045151141044305e-01
1.580712052601486448e+03 2.796500205855205201e-01
1.580746240708976529e+03 2.960568672235902032e-01
1.580780428816466610e+03 3.110718763220268746e-01
1.580814616923956464e+03 3.244634165789212488e-01
1.580848805031446545e+03 3.360213413992357845e-01
1.580882993138936627e+03 3.455561792384337361e-01
1.580917181246426480e+03 3.528985759315361737e-01
1.580951369353916562e+03 3.578999397737193111e-01
1.580985557461406415e+03 3.604350042350645822e-01
1.581019745568896496e+03 3.604066319695750087e-01
1.581053933676386578e+03 3.577526994402187577e-01
1.581088121783876431e+03 3.524544060938179513e-01
1.581122309891366513e+03 3.445449332360055461e-01
1.581156497998856594e+03 3.341171129509967197e-01
1.581190686106346448e+03 3.213287092855158789e-01
1.581224874213836529e+03 3.064040804788640271e-01
1.581259062321326383e+03 2.896313619919518301e-01
1.581293250428816464e+03 2.713548304800058042e-01
1.581327438536306545e+03 2.519626989768302128e-01
1.581361626643796399e+03 2.318711633705346498e-01
1.581395814751286480e+03 2.115059851226673282e-01
1.581430002858776334e+03 1.912831899766995747e-01
1.581464190966266415e+03 1.715905512624336660e-01
1.581498379073756496e+03 1.527714067125884034e-01
1.581532567181246350e+03 1.351120579501135233e-01
1.581566755288736431e+03 1.188335743121599064e-01
1.581600943396226512e+03 1.040883331325244826e-01
1.581635131503716366e+03 9.096114456679744997e-02
1.581669319611206447e+03 7.947438963681244251e-02
1.581703507718696301e+03 6.959628855428262595e-02
1.581737695826186382e+03 6.125123585515801494e-02
1.581771883933676463e+03 5.433109264394384019e-02
1.581806072041166317e+03 4.870640026358965397e-02
1.581840260148656398e+03 4.423664753176992370e-02
1.581874448256146252e+03 4.077895220155631356e-02
1.581908636363636333e+03 3.819477221460172017e-02
1.581942824471126414e+03 3.635451261351285712e-02
1.581977012578616268e+03 3.514011497437061204e-02
1.582011200686106349e+03 3.444589100052799363e-02
1.582045388793596430e+03 3.417798147754353560e-02
1.582079576901086284e+03 3.425288416008959169e-02
1.582113765008576365e+03 3.459550300368241516e-02
1.582147953116066219e+03 3.513713416406023110e-02
1.582182141223556300e+03 3.581373161736117056e-02
1.582216329331046381e+03 3.656469867478731595e-02
1.582250517438536235e+03 3.733234299189686078e-02
1.582284705546026316e+03 3.806202340261027883e-02
1.582318893653516398e+03 3.870291747774824709e-02
1.582353081761006251e+03 3.920925790182758219e-02
1.582387269868496332e+03 3.954183015426560727e-02
1.582421457975986186e+03 3.966949744729725280e-02
1.582455646083476267e+03 3.957052224885664743e-02
1.582489834190966349e+03 3.923348470593382431e-02
1.582524022298456202e+03 3.865765167661198293e-02
1.582558210405946284e+03 3.785271834440077920e-02
1.582592398513436137e+03 3.683791856699451805e-02
1.582626586620926219e+03 3.564057093505162976e-02
1.582660774728416300e+03 3.429418659105756134e-02
1.582694962835906153e+03 3.283630573157665655e-02
1.582729150943396235e+03 3.130624865938760187e-02
1.582763339050886316e+03 2.974296362852232867e-02
1.582797527158376170e+03 2.818312989035731686e-02
1.582831715265866251e+03 2.665963510729299143e-02
1.582865903373356105e+03 2.520049802750564533e-02
1.582900091480846186e+03 2.382825690396353155e-02
1.582934279588336267e+03 2.255979796853014099e-02
1.582968467695826121e+03 2.140656134214320022e-02
1.583002655803316202e+03 2.037503716857015645e-02
1.583036843910806056e+03 1.946745351204195312e-02
1.583071032018296137e+03 1.868255876073207297e-02
1.583105220125786218e+03 1.801641257010880640e-02
1.583139408233276072e+03 1.746311754119949863e-02
1.583173596340766153e+03 1.701544539650026028e-02
1.583207784448256234e+03 1.666533322339965387e-02
1.583241972555746088e+03 1.640424490466825189e-02
1.583276160663236169e+03 1.622340850618317343e-02
1.583310348770726023e+03 1.611395136360273955e-02
1.583344536878216104e+03 1.606696085424250131e-02
1.583378724985706185e+03 1.607350083526451825e-02
1.583412913093196039e+03 1.612461225225539710e-02
1.583447101200686120e+03 1.621132235634901997e-02
1.583481289308176201e+03 1.632468116464901031e-02
1.583515477415666055e+03 1.645583700716407236e-02
1.583549665523156136e+03 1.659615585731577525e-02
1.583583853630645990e+03 1.673738218178176182e-02
1.583618041738136071e+03 1.687183274667353530e-02
1.583652229845626152e+03 1.699260961790051427e-02
1.583686417953116006e+03 1.709381488769424334e-02
1.583720606060606087e+03 1.717074776794146745e-02
1.583754794168095941e+03 1.722006481611357970e-02
1.583788982275586022e+03 1.723988623351128610e-02
1.583823170383076103e+03 1.722983522450100349e-02
1.583857358490565957e+03 1.719100294089907083e-02
1.583891546598056038e+03 1.712583798129864096e-02
1.583925734705546120e+03 1.703796606844782888e-02
1.583959922813035973e+03 1.693195164801029537e-02
1.583994110920526055e+03 1.681301805938488839e-02
1.584028299028015908e+03 1.668674609822060409e-02
1.584062487135505989e+03 1.655877192056924921e-02
1.584096675242996071e+03 1.643450429166818522e-02
1.584130863350485924e+03 1.631887837734172231e-02
1.584165051457976006e+03 1.621615904739049513e-02
1.584199239565466087e+03 1.612980158488828974e-02
1.584233427672955941e+03 1.606237240237154418e-02
1.584267615780446022e+03 1.601552744652396873e-02
1.584301803887935876e+03 1.599004190300214526e-02
1.584335991995425957e+03 1.598588190203305975e-02
1.584370180102916038e+03 1.600230729702994958e-02
1.584404368210405892e+03 1.603799419255542633e-02
1.584438556317895973e+03 1.609116654780431976e-02
1.584472744425385827e+03 1.615972760654088916e-02
1.584506932532875908e+03 1.624138380479475674e-02
1.584541120640365989e+03 1.633375590390278784e-02
1.584575308747855843e+03 1.643447416145106532e-02
1.584609496855345924e+03 1.654125622595101555e-02
1.584643684962836005e+03 1.665196802644426308e-02
1.584677873070325859e+03 1.676466917877392215e-02
1.584712061177815940e+03 1.687764532858400043e-02
1.584746249285305794e+03 1.698943039162472204e-02
1.584780437392795875e+03 1.709882183085676896e-02
1.584814625500285956e+03 1.720489192545112192e-02
1.584848813607775810e+03 1.730699744926491451e-02
1.584883001715265891e+03 1.740478932336211523e-02
1.584917189822755745e+03 1.749822271909430571e-02
1.584951377930245826e+03 1.758756689734380235e-02
1.584985566037735907e+03 1.767341295686206820e-02
1.585019754145225761e+03 1.775667684305355654e-02
1.585053942252715842e+03 1.783859465183769422e-02
1.585088130360205923e+03 1.792070762591598670e-02
1.585122318467695777e+03 1.800483537570676806e-02
1.585156506575185858e+03 1.809303773919589825e-02
1.585190694682675712e+03 1.818756815887101475e-02
1.585224882790165793e+03 1.829082419350625335e-02
1.585259070897655874e+03 1.840530337298547717e-02
1.585293259005145728e+03 1.853357454759476178e-02
1.585327447112635809e+03 1.867827567192940560e-02
1.585361635220125891e+03 1.884214815551604749e-02
1.585395823327615744e+03 1.902811520601115081e-02
1.585430011435105826e+03 1.923940689271894794e-02
1.585464199542595679e+03 1.947972813142866480e-02
1.585498387650085760e+03 1.975345788060673194e-02
1.585532575757575842e+03 2.006585926380219723e-02
1.585566763865065695e+03 2.042327205178407282e-02
1.585600951972555777e+03 2.083325207706159324e-02
1.585635140080045630e+03 2.130461790909210160e-02
1.585669328187535712e+03 2.184736463148513261e-02
1.585703516295025793e+03 2.247240877492870728e-02
1.585737704402515647e+03 2.319113796189629581e-02
1.585771892510005728e+03 2.401475370205172558e-02
1.585806080617495809e+03 2.495341550595041660e-02
1.585840268724985663e+03 2.601521781945576386e-02
1.585874456832475744e+03 2.720505626900250259e-02
1.585908644939965598e+03 2.852346376770812514e-02
1.585942833047455679e+03 2.996551715286347589e-02
1.585977021154945760e+03 3.151992807298486382e-02
1.586011209262435614e+03 3.316843496321156964e-02
1.586045397369925695e+03 3.488560401765931906e-02
1.586079585477415549e+03 3.663912512909486829e-02
1.586113773584905630e+03 3.839065437157615501e-02
1.586147961692395711e+03 4.009720998159868599e-02
1.586182149799885565e+03 4.171307779581322206e-02
1.586216337907375646e+03 4.319212986990979275e-02
1.586250526014865727e+03 4.449041240150095056e-02
1.586284714122355581e+03 4.556882195890100962e-02
1.586318902229845662e+03 4.639566739201705231e-02
1.586353090337335516e+03 4.694891209394072562e-02
1.586387278444825597e+03 4.721790875609386401e-02
1.586421466552315678e+03 4.720447524835004460e-02
1.586455654659805532e+03 4.692321224027572180e-02
1.586489842767295613e+03 4.640102522477935337e-02
1.586524030874785694e+03 4.567587908020535187e-02
1.586558218982275548e+03 4.479487528352633918e-02
1.586592407089765629e+03 4.381179406981497437e-02
1.586626595197255483e+03 4.278428136673800147e-02
1.586660783304745564e+03 4.177088036609300642e-02
1.586694971412235645e+03 4.082810951424171303e-02
1.586729159519725499e+03 4.000777402151885903e-02
1.586763347627215580e+03 3.935466992726532193e-02
1.586797535734705434e+03 3.890480261749745816e-02
1.586831723842195515e+03 3.868420016916909732e-02
1.586865911949685596e+03 3.870836042888559786e-02
1.586900100057175450e+03 3.898233303991750082e-02
1.586934288164665531e+03 3.950140645302761822e-02
1.586968476272155613e+03 4.025234704516752332e-02
1.587002664379645466e+03 4.121512372967386234e-02
1.587036852487135548e+03 4.236504713990370957e-02
1.587071040594625401e+03 4.367525739700985760e-02
1.587105228702115483e+03 4.511950795982624246e-02
1.587139416809605564e+03 4.667521377837937496e-02
1.587173604917095417e+03 4.832675759215145084e-02
1.587207793024585499e+03 5.006907491735729243e-02
1.587241981132075580e+03 5.191156039079592582e-02
1.587276169239565434e+03 5.388234806942970162e-02
1.587310357347055515e+03 5.603300685456787805e-02
1.587344545454545369e+03 5.844364972493981680e-02
1.587378733562035450e+03 6.122837344632173218e-02
1.587412921669525531e+03 6.454081895625997378e-02
1.587447109777015385e+03 6.857947300972150328e-02
1.587481297884505466e+03 7.359212899788512841e-02
1.587515485991995320e+03 7.987870978874005157e-02
1.587549674099485401e+03 8.779145966244390753e-02
1.587583862206975482e+03 9.773137702462102172e-02
1.587618050314465336e+03 1.101397311029045784e-01
1.587652238421955417e+03 1.254836297861778860e-01
1.587686426529445498e+03 1.442349182512392136e-01
1.587720614636935352e+03 1.668422063368556474e-01
1.587754802744425433e+03 1.936965364589637306e-01
1.587788990851915287e+03 2.250920689216306392e-01
1.587823178959405368e+03 2.611840974736704957e-01
1.587857367066895449e+03 3.019476024645011969e-01
1.587891555174385303e+03 3.471402679127497670e-01
1.587925743281875384e+03 3.962742932938250751e-01
1.587959931389365465e+03 4.486012983727700743e-01
1.587994119496855319e+03 5.031140667378772857e-01
1.588028307604345400e+03 5.585677775089643582e-01
1.588062495711835254e+03 6.135217858302836058e-01
1.588096683819325335e+03 6.664010604748406008e-01
1.588130871926815416e+03 7.155742708913889194e-01
1.588165060034305270e+03 7.594434858052643289e-01
1.588199248141795351e+03 7.965387688412459699e-01
1.588233436249285205e+03 8.256098814843534361e-01
1.588267624356775286e+03 8.457070188958114576e-01
1.588301812464265367e+03 8.562431059431868663e-01
1.588336000571755221e+03 8.570316513679565595e-01
1.588370188679245302e+03 8.482963601447718327e-01
1.588404376786735384e+03 8.306513950376503974e-01
1.588438564894225237e+03 8.050540409474383763e-01
1.588472753001715319e+03 7.727342124706760851e-01
1.588506941109205172e+03 7.351074287350546355e-01
1.588541129216695253e+03 6.936793003625892906e-01
1.588575317324185335e+03 6.499500765346019060e-01
1.588609505431675188e+03 6.053273559011153049e-01
1.588643693539165270e+03 5.610537691257365678e-01
1.588677881646655123e+03 5.181544949436662773e-01
1.588712069754145205e+03 4.774071491083760610e-01
1.588746257861635286e+03 4.393341883254515134e-01
1.588780445969125140e+03 4.042157853537031720e-01
1.588814634076615221e+03 3.721193895136722385e-01
1.588848822184105302e+03 3.429410418594188159e-01
1.588883010291595156e+03 3.164530279599455098e-01
1.588917198399085237e+03 2.923525969626662446e-01
1.588951386506575091e+03 2.703071533942558169e-01
1.588985574614065172e+03 2.499923877987939025e-01
1.589019762721555253e+03 2.311210799665753546e-01
1.589053950829045107e+03 2.134616122340656508e-01
1.589088138936535188e+03 1.968464212237483746e-01
1.589122327044025042e+03 1.811715830185586795e-01
1.589156515151515123e+03 1.663894022493138392e-01
1.589190703259005204e+03 1.524962376759957383e-01
1.589224891366495058e+03 1.395178624540467094e-01
1.589259079473985139e+03 1.274944731364296979e-01
1.589293267581475220e+03 1.164670930872813842e-01
1.589327455688965074e+03 1.064666365577646573e-01
1.589361643796455155e+03 9.750638029632013870e-02
1.589395831903945009e+03 8.957809173580066897e-02
1.589430020011435090e+03 8.265163357470214911e-02
1.589464208118925171e+03 7.667753435581807497e-02
1.589498396226415025e+03 7.159179732307303923e-02
1.589532584333905106e+03 6.732211468378747343e-02
1.589566772441395187e+03 6.379464921430774704e-02
1.589600960548885041e+03 6.094061994528238158e-02
1.589635148656375122e+03 5.870205947350053827e-02
1.589669336763864976e+03 5.703627271536381577e-02
1.589703524871355057e+03 5.591869829236345568e-02
1.589737712978845138e+03 5.534403606932603720e-02
1.589771901086334992e+03 5.532564485878547350e-02
1.589806089193825073e+03 5.589332589437424892e-02
1.589840277301314927e+03 5.708968869802421436e-02
1.589874465408805008e+03 5.896534926497029594e-02
1.589908653516295090e+03 6.157324211449174273e-02
1.589942841623784943e+03 6.496234538976314310e-02
1.589977029731275024e+03 6.917112951219799022e-02
1.590011217838765106e+03 7.422105100565926095e-02
1.590045405946254959e+03 8.011042724106490209e-02
1.590079594053745041e+03 8.680904454310670038e-02
1.590113782161234894e+03 9.425386693249594716e-02
1.590147970268724976e+03 1.023462178528710409e-01
1.590182158376215057e+03 1.109507923686980785e-01
1.590216346483704910e+03 1.198968118919575693e-01
1.590250534591194992e+03 1.289815487111460046e-01
1.590284722698685073e+03 1.379763188992184919e-01
1.590318910806174927e+03 1.466348713349369670e-01
1.590353098913665008e+03 1.547038970108390865e-01
1.590387287021154862e+03 1.619351637796275778e-01
1.590421475128644943e+03 1.680985710560684021e-01
1.590455663236135024e+03 1.729952444901245445e-01
1.590489851343624878e+03 1.764696800374568331e-01
1.590524039451114959e+03 1.784199234903421361e-01
1.590558227558604813e+03 1.788048498900978167e-01
1.590592415666094894e+03 1.776477896231439535e-01
1.590626603773584975e+03 1.750360228697813991e-01
1.590660791881074829e+03 1.711160065937572250e-01
1.590694979988564910e+03 1.660845730847768653e-01
1.590729168096054991e+03 1.601767049652199626e-01
1.590763356203544845e+03 1.536508071333247405e-01
1.590797544311034926e+03 1.467726255185432260e-01
1.590831732418524780e+03 1.397990804026893186e-01
1.590865920526014861e+03 1.329632766509697139e-01
1.590900108633504942e+03 1.264618273754590516e-01
1.590934296740994796e+03 1.204453977430074429e-01
1.590968484848484877e+03 1.150130689762844244e-01
1.591002672955974958e+03 1.102107729775391315e-01
1.591036861063464812e+03 1.060336917256279737e-01
1.591071049170954893e+03 1.024321872231498121e-01
1.591105237278444747e+03 9.932055670846140494e-02
1.591139425385934828e+03 9.658771587707150330e-02
1.591173613493424909e+03 9.410881269957788176e-02
1.591207801600914763e+03 9.175676928886339345e-02
1.591241989708404844e+03 8.941283326831346578e-02
1.591276177815894698e+03 8.697537938187840934e-02
1.591310365923384779e+03 8.436641661782381951e-02
1.591344554030874860e+03 8.153550185574948150e-02
1.591378742138364714e+03 7.846101248699328956e-02
1.591412930245854795e+03 7.514896323598639627e-02
1.591447118353344877e+03 7.162974573395092248e-02
1.591481306460834730e+03 6.795330804586773021e-02
1.591515494568324812e+03 6.418336698305966703e-02
1.591549682675814665e+03 6.039125763384540352e-02
1.591583870783304747e+03 5.664997798524332162e-02
1.591618058890794828e+03 5.302889328810782288e-02
1.591652246998284681e+03 4.958944019996856106e-02
1.591686435105774763e+03 4.638203157997226878e-02
1.591720623213264616e+03 4.344422539431200270e-02
1.591754811320754698e+03 4.080009937830168798e-02
1.591788999428244779e+03 3.846067700175753029e-02
1.591823187535734633e+03 3.642518558183424626e-02
1.591857375643224714e+03 3.468289533048207057e-02
1.591891563750714795e+03 3.321528608859516257e-02
1.591925751858204649e+03 3.199831096648556028e-02
1.591959939965694730e+03 3.100456585601541609e-02
1.591994128073184584e+03 3.020522307628100214e-02
1.592028316180674665e+03 2.957163907598660268e-02
1.592062504288164746e+03 2.907659426316501483e-02
1.592096692395654600e+03 2.869516353052790902e-02
1.592130880503144681e+03 2.840524660672943263e-02
1.592165068610634762e+03 2.818780739194229334e-02
1.592199256718124616e+03 2.802688167075459078e-02
1.592233444825614697e+03 2.790941467566988160e-02
1.592267632933104551e+03 2.782498599414096399e-02
1.592301821040594632e+03 2.776547143589704059e-02
1.592336009148084713e+03 2.772468165724052691e-02
1.592370197255574567e+03 2.769800714166363587e-02
1.592404385363064648e+03 2.768208967369620646e-02
1.592438573470554502e+03 2.767453238477231986e-02
1.592472761578044583e+03 2.767365408838294225e-02
1.592506949685534664e+03 2.767828896477305192e-02
1.592541137793024518e+03 2.768762952478618505e-02
1.592575325900514599e+03 2.770110890284130031e-02
1.592609514008004680e+03 2.771831759913375576e-02
1.592643702115494534e+03 2.773894953417250370e-02
1.592677890222984615e+03 2.776277247308861149e-02
1.592712078330474469e+03 2.778961837034061438e-02
1.592746266437964550e+03 2.781938989543767185e-02
1.592780454545454631e+03 2.785208030783904373e-02
1.592814642652944485e+03 2.788780498485297563e-02
1.592848830760434566e+03 2.792684433484104306e-02
1.592883018867924420e+03 2.796969963107144921e-02
1.592917206975414501e+03 2.801716555997266558e-02
1.592951395082904583e+03 2.807042605167489949e-02
1.592985583190394436e+03 2.813118326793614607e-02
1.593019771297884517e+03 2.820183340983067888e-02
1.593053959405374599e+03 2.828570711819776082e-02
1.593088147512864452e+03 2.838739637415939668e-02
1.593122335620354534e+03 2.851319348050222746e-02
1.593156523727844387e+03 2.867167021019038572e-02
1.593190711835334469e+03 2.887442559375954371e-02
1.593224899942824550e+03 2.913702789568001217e-02
1.593259088050314404e+03 2.948016873887381040e-02
1.593293276157804485e+03 2.993103366903431678e-02
1.593327464265294566e+03 3.052487246607835797e-02
1.593361652372784420e+03 3.130672343354420906e-02
1.593395840480274501e+03 3.233320878360377432e-02
1.593430028587764355e+03 3.367427436702470633e-02
1.593464216695254436e+03 3.541469923838359846e-02
1.593498404802744517e+03 3.765515357417226899e-02
1.593532592910234371e+03 4.051254376344855940e-02
1.593566781017724452e+03 4.411935903602907244e-02
1.593600969125214306e+03 4.862173350137592026e-02
1.593635157232704387e+03 5.417596927314406036e-02
1.593669345340194468e+03 6.094333691490783772e-02
1.593703533447684322e+03 6.908308171643461060e-02
1.593737721555174403e+03 7.874371619331212158e-02
1.593771909662664484e+03 9.005286241116362833e-02
1.593806097770154338e+03 1.031061074439080655e-01
1.593840285877644419e+03 1.179555307922075247e-01
1.593874473985134273e+03 1.345987291897627613e-01
1.593908662092624354e+03 1.529692760645844085e-01
1.593942850200114435e+03 1.729295866916697733e-01
1.593977038307604289e+03 1.942670988851783465e-01
1.594011226415094370e+03 2.166945159033764612e-01
1.594045414522584451e+03 2.398545982342482064e-01
1.594079602630074305e+03 2.633296521181662797e-01
1.594113790737564386e+03 2.866554747130254932e-01
1.594147978845054240e+03 3.093391169565626875e-01
1.594182166952544321e+03 3.308794577352261457e-01
1.594216355060034402e+03 3.507892880192229335e-01
1.594250543167524256e+03 3.686174157912188165e-01
1.594284731275014337e+03 3.839692455874937904e-01
1.594318919382504191e+03 3.965243700519290315e-01
1.594353107489994272e+03 4.060499296706170380e-01
1.594387295597484353e+03 4.124088308716486462e-01
1.594421483704974207e+03 4.155623298006813626e-01
1.594455671812464288e+03 4.155669486170671667e-01
1.594489859919954370e+03 4.125661483044548161e-01
1.594524048027444223e+03 4.067775926442850354e-01
1.594558236134934305e+03 3.984771633196265150e-01
1.594592424242424158e+03 3.879810964843103394e-01
1.594626612349914240e+03 3.756276891187932399e-01
1.594660800457404321e+03 3.617599655440618678e-01
1.594694988564894174e+03 3.467105111288656949e-01
1.594729176672384256e+03 3.307893948791173488e-01
1.594763364779874337e+03 3.142757487348841194e-01
1.594797552887364191e+03 2.974131887546791475e-01
1.594831740994854272e+03 2.804088932844068238e-01
1.594865929102344126e+03 2.634358338108635511e-01
1.594900117209834207e+03 2.466374159570943747e-01
1.594934305317324288e+03 2.301336503783771859e-01
1.594968493424814142e+03 2.140279425153475967e-01
1.595002681532304223e+03 1.984136593611767196e-01
1.595036869639794077e+03 1.833797820280597402e-01
1.595071057747284158e+03 1.690151578018193324e-01
1.595105245854774239e+03 1.554110930007243374e-01
1.595139433962264093e+03 1.426622469907912194e-01
1.595173622069754174e+03 1.308659714833343701e-01
1.595207810177244255e+03 1.201203692556745833e-01
1.595241998284734109e+03 1.105214145206090820e-01
1.595276186392224190e+03 1.021594859406451256e-01
1.595310374499714044e+03 9.511562488388310144e-02
1.595344562607204125e+03 8.945776486377356174e-02
1.595378750714694206e+03 8.523710507645179679e-02
1.595412938822184060e+03 8.248474217655520080e-02
1.595447126929674141e+03 8.120864535036567688e-02
1.595481315037163995e+03 8.139106758995943991e-02
1.595515503144654076e+03 8.298652833738839885e-02
1.595549691252144157e+03 8.592056732016888076e-02
1.595583879359634011e+03 9.008953687269788402e-02
1.595618067467124092e+03 9.536174673756185605e-02
1.595652255574614173e+03 1.015802781184579756e-01
1.595686443682104027e+03 1.085677246387713318e-01
1.595720631789594108e+03 1.161329882148694065e-01
1.595754819897083962e+03 1.240800612391475127e-01
1.595789008004574043e+03 1.322184795758097331e-01
1.595823196112064124e+03 1.403748622644111488e-01
1.595857384219553978e+03 1.484047005272124131e-01
1.595891572327044059e+03 1.562033610429827690e-01
1.595925760434533913e+03 1.637151640542758302e-01
1.595959948542023994e+03 1.709394143446258951e-01
1.595994136649514076e+03 1.779324169255530053e-01
1.596028324757003929e+03 1.848047963361546253e-01
1.596062512864494011e+03 1.917138372244292788e-01
1.596096700971984092e+03 1.988510360729152104e-01
1.596130889079473945e+03 2.064255488505954139e-01
1.596165077186964027e+03 2.146446801612998112e-01
1.596199265294453880e+03 2.236929304708295541e-01
1.596233453401943962e+03 2.337113522093628992e-01
1.596267641509434043e+03 2.447790309487037630e-01
1.596301829616923897e+03 2.568983918695713076e-01
1.596336017724413978e+03 2.699857430606731890e-01
1.596370205831904059e+03 2.838680347862854725e-01
1.596404393939393913e+03 2.982862832297871747e-01
1.596438582046883994e+03 3.129055345659708665e-01
1.596472770154373848e+03 3.273306902676595409e-01
1.596506958261863929e+03 3.411270331473001405e-01
1.596541146369354010e+03 3.538439310555726580e-01
1.596575334476843864e+03 3.650399811808952011e-01
1.596609522584333945e+03 3.743078041642244891e-01
1.596643710691823799e+03 3.812967972800357375e-01
1.596677898799313880e+03 3.857323875783120748e-01
1.596712086906803961e+03 3.874306556695372161e-01
1.596746275014293815e+03 3.863075894386610587e-01
1.596780463121783896e+03 3.823826347506725787e-01
1.596814651229273977e+03 3.757766019297973936e-01
1.596848839336763831e+03 3.667043348868948005e-01
1.596883027444253912e+03 3.554628357797759430e-01
1.596917215551743766e+03 3.424157524311242651e-01
1.596951403659233847e+03 3.279752761647753978e-01
1.596985591766723928e+03 3.125825672199874505e-01
1.597019779874213782e+03 2.966878294823968587e-01
1.597053967981703863e+03 2.807311033459663485e-01
1.597088156089193944e+03 2.651247429930233546e-01
1.597122344196683798e+03 2.502384004213363267e-01
1.597156532304173879e+03 2.363871618421696241e-01
1.597190720411663733e+03 2.238232821701839348e-01
1.597224908519153814e+03 2.127317507920149509e-01
1.597259096626643895e+03 2.032297079944490881e-01
1.597293284734133749e+03 1.953695278887746523e-01
1.597327472841623830e+03 1.891452012184284825e-01
1.597361660949113684e+03 1.845014992981520996e-01
1.597395849056603765e+03 1.813452853504818052e-01
1.597430037164093847e+03 1.795582657044054731e-01
1.597464225271583700e+03 1.790104417858111308e-01
1.597498413379073781e+03 1.795735328556946897e-01
1.597532601486563863e+03 1.811336848633245955e-01
1.597566789594053716e+03 1.836028563140852665e-01
1.597600977701543798e+03 1.869283697736532357e-01
1.597635165809033651e+03 1.911002284325315492e-01
1.597669353916523733e+03 1.961559114115503100e-01
1.597703542024013814e+03 2.021824699835318151e-01
1.597737730131503668e+03 2.093158420402845832e-01
1.597771918238993749e+03 2.177373794382608252e-01
1.597806106346483830e+03 2.276676422473280226e-01
1.597840294453973684e+03 2.393575607035496877e-01
1.597874482561463765e+03 2.530771104684144124e-01
1.597908670668953619e+03 2.691017042332373710e-01
1.597942858776443700e+03 2.876965884457621803e-01
1.597977046883933781e+03 3.090996604359393385e-01
1.598011234991423635e+03 3.335032927723130536e-01
1.598045423098913716e+03 3.610359598726840535e-01
1.598079611206403570e+03 3.917446828569838280e-01
1.598113799313893651e+03 4.255795034669224153e-01
1.598147987421383732e+03 4.623813171214847251e-01
1.598182175528873586e+03 5.018743873703067626e-01
1.598216363636363667e+03 5.436646872945734010e-01
1.598250551743853748e+03 5.872448479846270608e-01
1.598284739851343602e+03 6.320059526697989760e-01
1.598318927958833683e+03 6.772557474545088940e-01
1.598353116066323537e+03 7.222421309885688201e-01
1.598387304173813618e+03 7.661801448301711615e-01
1.598421492281303699e+03 8.082802284080912170e-01
1.598455680388793553e+03 8.477753249560349147e-01
1.598489868496283634e+03 8.839445858447793070e-01
1.598524056603773488e+03 9.161319225764198437e-01
1.598558244711263569e+03 9.437584376785115303e-01
1.598592432818753650e+03 9.663287100395240303e-01
1.598626620926243504e+03 9.834318599599726207e-01
1.598660809033733585e+03 9.947391058690918664e-01
1.598694997141223666e+03 1.000000000000000000e+00
1.598729185248713520e+03 9.990395959882718557e-01
1.598763373356203601e+03 9.917584304138317153e-01
1.598797561463693455e+03 9.781364456797235762e-01
1.598831749571183536e+03 9.582409694612903373e-01
1.598865937678673617e+03 9.322377746144911992e-01
1.598900125786163471e+03 9.004032718035754890e-01
1.598934313893653552e+03 8.631352182685939622e-01
1.598968502001143406e+03 8.209590931965835559e-01
1.599002690108633487e+03 7.745275509459589314e-01
1.599036878216123569e+03 7.246110891685051403e-01
1.599071066323613422e+03 6.720791492008715284e-01
1.599105254431103504e+03 6.178721288719339899e-01
1.599139442538593585e+03 5.629660308113135780e-01
1.599173630646083438e+03 5.083324963847822842e-01
1.599207818753573520e+03 4.548976308915376743e-01
1.599242006861063373e+03 4.035032198588349162e-01
1.599276194968553455e+03 3.548736573320250831e-01
1.599310383076043536e+03 3.095912182756142550e-01
1.599344571183533390e+03 2.680813308141287710e-01
1.599378759291023471e+03 2.306083959032639297e-01
1.599412947398513552e+03 1.972816227886975693e-01
1.599447135506003406e+03 1.680694372755560662e-01
1.599481323613493487e+03 1.428203742686778299e-01
1.599515511720983341e+03 1.212880332236410952e-01
1.599549699828473422e+03 1.031576514059116823e-01
1.599583887935963503e+03 8.807208955134883388e-02
1.599618076043453357e+03 7.565545411059979020e-02
1.599652264150943438e+03 6.553311429215284700e-02
1.599686452258433292e+03 5.734742801291684705e-02
1.599720640365923373e+03 5.076900018196162101e-02
1.599754828473413454e+03 4.550371181601432780e-02
1.599789016580903308e+03 4.129605436423339215e-02
1.599823204688393389e+03 3.792947612438787863e-02
1.599857392795883470e+03 3.522450879084985942e-02
1.599891580903373324e+03 3.303541444397457144e-02
1.599925769010863405e+03 3.124600379207186085e-02
1.599959957118353259e+03 2.976515213919059613e-02
1.599994145225843340e+03 2.852240365073401007e-02
1.600028333333333421e+03 2.746392471352570447e-02
1.600062521440823275e+03 2.654895506601238214e-02
1.600096709548313356e+03 2.574681673623699374e-02
1.600130897655803437e+03 2.503447689921330446e-02
1.600165085763293291e+03 2.439461955405426707e-02
1.600199273870783372e+03 2.381415855304526083e-02
1.600233461978273226e+03 2.328311638390678090e-02
1.600267650085763307e+03 2.279379470741744323e-02
1.600301838193253388e+03 2.234017009758185179e-02
1.600336026300743242e+03 2.191745869109304468e-02
1.600370214408233323e+03 2.152180438929137199e-02
1.600404402515723177e+03 2.115005552514116413e-02
1.600438590623213258e+03 2.079960379593529321e-02
1.600472778730703340e+03 2.046826650659624991e-02
1.600506966838193193e+03 2.015419879450448121e-02
1.600541154945683274e+03 1.985582669996538430e-02
1.600575343053173356e+03 1.957179495846890493e-02
1.600609531160663209e+03 1.930092548081798615e-02
1.600643719268153291e+03 1.904218388855568808e-02
1.600677907375643144e+03 1.879465237895014060e-02
1.600712095483133226e+03 1.855750775828758983e-02
1.600746283590623307e+03 1.833000381860459133e-02
1.600780471698113161e+03 1.811145742398088260e-02
1.600814659805603242e+03 1.790123777609683303e-02
1.600848847913093323e+03 1.769875838417810793e-02
1.600883036020583177e+03 1.750347129708399244e-02
1.600917224128073258e+03 1.731486318044739986e-02
1.600951412235563112e+03 1.713245284759874407e-02
1.600985600343053193e+03 1.695578988281465707e-02
1.601019788450543274e+03 1.678445402953694654e-02
1.601053976558033128e+03 1.661805505339638070e-02
1.601088164665523209e+03 1.645623282853432914e-02
1.601122352773013063e+03 1.629865743457416943e-02
1.601156540880503144e+03 1.614502909009505119e-02
1.601190728987993225e+03 1.599507778675912303e-02
1.601224917095483079e+03 1.584856252692960071e-02
1.601259105202973160e+03 1.570527010726171027e-02
1.601293293310463241e+03 1.556501343143060732e-02
1.601327481417953095e+03 1.542762937610164808e-02
1.601361669525443176e+03 1.529297627366923810e-02
1.601395857632933030e+03 1.516093111052844132e-02
1.601430045740423111e+03 1.503138656752184450e-02
1.601464233847913192e+03 1.490424804658100483e-02
1.601498421955403046e+03 1.477943083196608248e-02
1.601532610062893127e+03 1.465685752461995048e-02
1.601566798170383208e+03 1.453645586432179490e-02
1.601600986277873062e+03 1.441815701863067255e-02
1.601635174385363143e+03 1.430189437374898391e-02
1.601669362492852997e+03 1.418760281532103519e-02
1.601703550600343078e+03 1.407521844232346477e-02
1.601737738707833159e+03 1.396467861998120126e-02
1.601771926815323013e+03 1.385592225256228674e-02
1.601806114922813094e+03 1.374889014696614037e-02
1.601840303030302948e+03 1.364352534427652926e-02
1.601874491137793029e+03 1.353977331784122010e-02
1.601908679245283111e+03 1.343758196991369676e-02
1.601942867352772964e+03 1.333690139981409152e-02
1.601977055460263045e+03 1.323768345935185352e-02
1.602011243567753127e+03 1.313988115013347766e-02
1.602045431675242980e+03 1.304344794719584401e-02
1.602079619782733062e+03 1.294833715030750503e-02
1.602113807890222915e+03 1.285450136622902188e-02
1.602147995997712997e+03 1.276189221223157817e-02
1.602182184105203078e+03 1.267046030524672517e-02
1.602216372212692931e+03 1.258015556582250255e-02
1.602250560320183013e+03 1.249092782635944504e-02
1.602284748427672866e+03 1.240272769409084958e-02
1.602318936535162948e+03 1.231550758588836544e-02
1.602353124642653029e+03 1.222922282827769262e-02
1.602387312750142883e+03 1.214383270477956481e-02
1.602421500857632964e+03 1.205930133501865315e-02
1.602455688965123045e+03 1.197559828552764542e-02
1.602489877072612899e+03 1.189269883890869961e-02
1.602524065180102980e+03 1.181058388291111177e-02
1.602558253287592834e+03 1.172923942014748866e-02
1.602592441395082915e+03 1.164865573832513622e-02
1.602626629502572996e+03 1.156882631579175987e-02
1.602660817610062850e+03 1.148974656413112930e-02
1.602695005717552931e+03 1.141141252558245354e-02
1.602729193825042785e+03 1.133381964643179023e-02
1.602763381932532866e+03 1.125696173782517358e-02
1.602797570040022947e+03 1.118083021371201954e-02
1.602831758147512801e+03 1.110541366425110525e-02
1.602865946255002882e+03 1.103069778555770125e-02
1.602900134362492963e+03 1.095666564746868368e-02
1.602934322469982817e+03 1.088329824465537714e-02
1.602968510577472898e+03 1.081057524723249771e-02
1.603002698684962752e+03 1.073847584846170621e-02
1.603036886792452833e+03 1.066697960138429657e-02
1.603071074899942914e+03 1.059606714377841520e-02
1.603105263007432768e+03 1.052572073055283233e-02
1.603139451114922849e+03 1.045592452182826648e-02
1.603173639222412930e+03 1.038666460958286193e-02
1.603207827329902784e+03 1.031792880124727044e-02
1.603242015437392865e+03 1.024970621038701415e-02
1.603276203544882719e+03 1.018198672856191617e-02
1.603310391652372800e+03 1.011476046570187678e-02
1.603344579759862881e+03 1.004801724749465608e-02
1.603378767867352735e+03 9.981746247614966400e-03
1.603412955974842816e+03 9.915935811971166372e-03
1.603447144082332670e+03 9.850573504593271301e-03
1.603481332189822751e+03 9.785646374192052618e-03
1.603515520297312833e+03 9.721141410849933051e-03
1.603549708404802686e+03 9.657046137474947084e-03
1.603583896512292768e+03 9.593349263454283710e-03
1.603618084619782849e+03 9.530041320137662419e-03
1.603652272727272702e+03 9.467115199843115919e-03
1.603686460834762784e+03 9.404566531260830087e-03
1.603720648942252637e+03 9.342393842666284892e-03
1.603754837049742719e+03 9.280598487762196230e-03
1.603789025157232800e+03 9.219184334418959598e-03
1.603823213264722654e+03 9.158157241242454935e-03
1.603857401372212735e+03 9.097524368228315089e-03
1.603891589479702816e+03 9.037293383735997901e-03
1.603925777587192670e+03 8.977471639249098856e-03
1.603959965694682751e+03 8.918065385193159680e-03
1.603994153802172605e+03 8.859079095469986689e-03
1.604028341909662686e+03 8.800514956018636384e-03
1.604062530017152767e+03 8.742372554922892350e-03
1.604096718124642621e+03 8.684648790191554224e-03
1.604130906232132702e+03 8.627337988610003436e-03
1.604165094339622556e+03 8.570432207531787985e-03
1.604199282447112637e+03 8.513921673700649770e-03
1.604233470554602718e+03 8.457795301429772358e-03
1.604267658662092572e+03 8.402041228340893786e-03
1.604301846769582653e+03 8.346647311040194042e-03
1.604336034877072734e+03 8.291601535050187322e-03
1.604370222984562588e+03 8.236892311262480199e-03
1.604404411092052669e+03 8.182508652309451042e-03
1.604438599199542523e+03 8.128440243124002498e-03
1.604472787307032604e+03 8.074677437070154964e-03
1.604506975414522685e+03 8.021211219494077740e-03
1.604541163522012539e+03 7.968033182654730984e-03
1.604575351629502620e+03 7.915135549571192600e-03
1.604609539736992701e+03 7.862511270781436315e-03
1.604643727844482555e+03 7.810154200059467831e-03
1.604677915951972636e+03 7.758059336248635147e-03
1.604712104059462490e+03 7.706223102047358303e-03
1.604746292166952571e+03 7.654643619693693099e-03
1.604780480274442652e+03 7.603320939730896615e-03
1.604814668381932506e+03 7.552257182674017993e-03
1.604848856489422587e+03 7.501456563359735694e-03
1.604883044596912441e+03 7.450925281955116108e-03
1.604917232704402522e+03 7.400671281427077114e-03
1.604951420811892604e+03 7.350703886181714046e-03
1.604985608919382457e+03 7.301033348534206879e-03
1.605019797026872538e+03 7.251670337433828266e-03
1.605053985134362620e+03 7.202625407095849044e-03
1.605088173241852473e+03 7.153908482298390950e-03
1.605122361349342555e+03 7.105528393013205157e-03
1.605156549456832408e+03 7.057492484884273637e-03
1.605190737564322490e+03 7.009806324902432585e-03
1.605224925671812571e+03 6.962473514240095224e-03
1.605259113779302425e+03 6.915495613069208916e-03
1.605293301886792506e+03 6.868872175460684869e-03
1.605327489994282359e+03 6.822600886166253938e-03
1.605361678101772441e+03 6.776677785217499576e-03
1.605395866209262522e+03 6.731097560973025098e-03
1.605430054316752376e+03 6.685853887831947132e-03
1.605464242424242457e+03 6.640939781820548622e-03
1.605498430531732538e+03 6.596347946242118315e-03
1.605532618639222392e+03 6.552071081073152989e-03
1.605566806746712473e+03 6.508102134053674395e-03
1.605600994854202327e+03 6.464434478314673264e-03
1.605635182961692408e+03 6.421062010295158773e-03
1.605669371069182489e+03 6.377979171559810395e-03
1.605703559176672343e+03 6.335180907557419992e-03
1.605737747284162424e+03 6.292662583892687754e-03
1.605771935391652278e+03 6.250419885034849340e-03
1.605806123499142359e+03 6.208448720722147852e-03
1.605840311606632440e+03 6.166745161460355021e-03
1.605874499714122294e+03 6.125305417019539719e-03
1.605908687821612375e+03 6.084125861962597775e-03
1.605942875929102456e+03 6.043203101746978494e-03
1.605977064036592310e+03 6.002534063772394825e-03
1.606011252144082391e+03 5.962116091667505995e-03
1.606045440251572245e+03 5.921947019346378120e-03
1.606079628359062326e+03 5.882025204344581981e-03
1.606113816466552407e+03 5.842349507166346399e-03
1.606148004574042261e+03 5.802919213482868668e-03
1.606182192681532342e+03 5.763733907054598149e-03
1.606216380789022423e+03 5.724793311018485861e-03
1.606250568896512277e+03 5.686097121715183271e-03
1.606284757004002358e+03 5.647644861187421129e-03
1.606318945111492212e+03 5.609435771429444051e-03
1.606353133218982293e+03 5.571468765989563005e-03
1.606387321326472374e+03 5.533742444105386495e-03
1.606421509433962228e+03 5.496255161265890636e-03
1.606455697541452309e+03 5.459005140202113221e-03
1.606489885648942163e+03 5.421990599777975345e-03
1.606524073756432244e+03 5.385209877363795507e-03
1.606558261863922326e+03 5.348661523358293549e-03
1.606592449971412179e+03 5.312344353895204901e-03
1.606626638078902261e+03 5.276257457866467306e-03
1.606660826186392342e+03 5.240400165089296493e-03
1.606695014293882195e+03 5.204771991474324913e-03
1.606729202401372277e+03 5.169372582461740501e-03
1.606763390508862130e+03 5.134201676528549890e-03
1.606797578616352212e+03 5.099259105932785197e-03
1.606831766723842293e+03 5.064544842773999710e-03
1.606865954831332147e+03 5.030059086537470685e-03
1.606900142938822228e+03 4.995802376781894455e-03
1.606934331046312309e+03 4.961775703959321257e-03
1.606968519153802163e+03 4.927980584718143903e-03
1.607002707261292244e+03 4.894419067004984573e-03
1.607036895368782098e+03 4.861093635516760235e-03
1.607071083476272179e+03 4.828006999206949090e-03
1.607105271583762260e+03 4.795161758299677432e-03
1.607139459691252114e+03 4.762559966527840812e-03
1.607173647798742195e+03 4.730202622552648513e-03
1.607207835906232049e+03 4.698089140123132626e-03
1.607242024013722130e+03 4.666216857153769777e-03
1.607276212121212211e+03 4.634580647781816158e-03
1.607310400228702065e+03 4.603172697667938171e-03
1.607344588336192146e+03 4.571982491305980750e-03
1.607378776443682227e+03 4.540997041828536904e-03
1.607412964551172081e+03 4.510201370495447830e-03
1.607447152658662162e+03 4.479579217154605955e-03
1.607481340766152016e+03 4.449113937297036192e-03
1.607515528873642097e+03 4.418789518822888521e-03
1.607549716981132178e+03 4.388591634997896125e-03
1.607583905088622032e+03 4.358508641471013981e-03
1.607618093196112113e+03 4.328532425977713559e-03
1.607652281303602194e+03 4.298659029779197151e-03
1.607686469411092048e+03 4.268888979180663831e-03
1.607720657518582129e+03 4.239227291758461066e-03
1.607754845626071983e+03 4.209683152449061709e-03
1.607789033733562064e+03 4.180269286080383687e-03
1.607823221841052145e+03 4.151001081751067370e-03
1.607857409948541999e+03 4.121895547440553378e-03
1.607891598056032080e+03 4.092970187793720273e-03
1.607925786163521934e+03 4.064241902608348861e-03
1.607959974271012015e+03 4.035725997810943669e-03
1.607994162378502097e+03 4.007435385533019735e-03
1.608028350485991950e+03 3.979380027309876826e-03
1.608062538593482032e+03 3.951566647268182735e-03
1.608096726700972113e+03 3.923998713744819913e-03
1.608130914808461966e+03 3.896676661386374446e-03
1.608165102915952048e+03 3.869598304281426145e-03
1.608199291023441901e+03 3.842759376142636414e-03
1.608233479130931983e+03 3.816154127008595902e-03
1.608267667238422064e+03 3.789775907278619422e-03
1.608301855345911918e+03 3.763617677991817553e-03
1.608336043453401999e+03 3.737672399188065892e-03
1.608370231560891852e+03 3.711933263593660947e-03
1.608404419668381934e+03 3.686393758424116526e-03
1.608438607775872015e+03 3.661047551905098618e-03
1.608472795883361869e+03 3.635888212097725981e-03
1.608506983990851950e+03 3.610908773699689732e-03
1.608541172098342031e+03 3.586101174602070174e-03
1.608575360205831885e+03 3.561455589796377798e-03
1.608609548313321966e+03 3.536959697728978870e-03
1.608643736420811820e+03 3.512597925050875858e-03
1.608677924528301901e+03 3.488350730575444196e-03
1.608712112635791982e+03 3.464194007227628085e-03
1.608746300743281836e+03 3.440098699041051113e-03
1.608780488850771917e+03 3.416030744213586611e-03
1.608814676958261998e+03 3.391951459006705295e-03
1.608848865065751852e+03 3.367818464844858205e-03
1.608883053173241933e+03 3.343587227604168880e-03
1.608917241280731787e+03 3.319213221914987799e-03
1.608951429388221868e+03 3.294654656716568437e-03
1.608985617495711949e+03 3.269875608651205169e-03
1.609019805603201803e+03 3.244849319290895543e-03
1.609053993710691884e+03 3.219561336169689432e-03
1.609088181818181738e+03 3.194012132601386448e-03
1.609122369925671819e+03 3.168218841466609054e-03
1.609156558033161900e+03 3.142215792087460578e-03
1.609190746140651754e+03 3.116053647117663413e-03
1.609224934248141835e+03 3.089797088428820285e-03
1.609259122355631916e+03 3.063521178346478250e-03
1.609293310463121770e+03 3.037306699579003268e-03
1.609327498570611851e+03 3.011234925508104836e-03
1.609361686678101705e+03 2.985382366453960459e-03
1.609395874785591786e+03 2.959816058958520020e-03
1.609430062893081868e+03 2.934589907322528776e-03
1.609464251000571721e+03 2.909742456011379149e-03
1.609498439108061802e+03 2.885296286922186398e-03
1.609532627215551656e+03 2.861259024905019998e-03
1.609566815323041737e+03 2.837625730657202579e-03
1.609601003430531819e+03 2.814382293032561145e-03
1.609635191538021672e+03 2.791509327033456483e-03
1.609669379645511754e+03 2.768986052678964246e-03
1.609703567753001835e+03 2.746793674401711970e-03
1.609737755860491689e+03 2.724917889367577725e-03
1.609771943967981770e+03 2.703350305388220985e-03
1.609806132075471623e+03 2.682088718746205788e-03
1.609840320182961705e+03 2.661136362443218811e-03
1.609874508290451786e+03 2.640500363097195158e-03
1.609908696397941640e+03 2.620189724213593807e-03
1.609942884505431721e+03 2.600213178275446579e-03
1.609977072612921802e+03 2.580577222793136935e-03
1.610011260720411656e+03 2.561284586735687423e-03
1.610045448827901737e+03 2.542333279428411318e-03
1.610079636935391591e+03 2.523716271786918125e-03
1.610113825042881672e+03 2.505421766162693048e-03
1.610148013150371753e+03 2.487433938802517328e-03
1.610182201257861607e+03 2.469733995337636528e-03
1.610216389365351688e+03 2.452301366457425216e-03
1.610250577472841542e+03 2.435114884565207048e-03
1.610284765580331623e+03 2.418153815713254464e-03
1.610318953687821704e+03 2.401398665608099354e-03
1.610353141795311558e+03 2.384831725085656898e-03
1.610387329902801639e+03 2.368437361735880112e-03
1.610421518010291720e+03 2.352202095227792951e-03
1.610455706117781574e+03 2.336114511964625454e-03
1.610489894225271655e+03 2.320165080114229388e-03
1.610524082332761509e+03 2.304345920895431270e-03
1.610558270440251590e+03 2.288650579542281498e-03
1.610592458547741671e+03 2.273073823329191303e-03
1.610626646655231525e+03 2.257611477893444948e-03
1.610660834762721606e+03 2.242260299585985620e-03
1.610695022870211687e+03 2.227017872469049670e-03
1.610729210977701541e+03 2.211882514547740004e-03
1.610763399085191622e+03 2.196853178589904497e-03
1.610797587192681476e+03 2.181929337416995806e-03
1.610831775300171557e+03 2.167110850325393301e-03
1.610865963407661638e+03 2.152397814638328487e-03
1.610900151515151492e+03 2.137790412720822018e-03
1.610934339622641573e+03 2.123288768887779052e-03
1.610968527730131427e+03 2.108892831778351722e-03
1.611002715837621508e+03 2.094602295814206559e-03
1.611036903945111590e+03 2.080416570718079429e-03
1.611071092052601443e+03 2.066334801606019376e-03
1.611105280160091525e+03 2.052355935029749872e-03
1.611139468267581606e+03 2.038478819761016265e-03
1.611173656375071459e+03 2.024702326175791423e-03
1.611207844482561541e+03 2.011025465604565805e-03
1.611242032590051394e+03 1.997447491331293210e-03
1.611276220697541476e+03 1.983967965941959340e-03
1.611310408805031557e+03 1.970586784902254168e-03
1.611344596912521411e+03 1.957304152711948544e-03
1.611378785020011492e+03 1.944120514701055784e-03
1.611412973127501573e+03 1.931036453471803417e-03
1.611447161234991427e+03 1.918052563306768803e-03
1.611481349342481508e+03 1.905169318028940382e-03
1.611515537449971362e+03 1.892386947670689126e-03
1.611549725557461443e+03 1.879705337124177710e-03
1.611583913664951524e+03 1.867123956254041059e-03
1.611618101772441378e+03 1.854641826488489381e-03
1.611652289879931459e+03 1.842257524438489519e-03
1.611686477987421313e+03 1.829969219289759178e-03
1.611720666094911394e+03 1.817774738013810953e-03
1.611754854202401475e+03 1.805671651020404698e-03
1.611789042309891329e+03 1.793657370620296105e-03
1.611823230417381410e+03 1.781729255268293607e-03
1.611857418524871491e+03 1.769884713586871664e-03
1.611891606632361345e+03 1.758121303212446763e-03
1.611925794739851426e+03 1.746436820257489617e-03
1.611959982847341280e+03 1.734829375525988359e-03
1.611994170954831361e+03 1.723297453648134185e-03
1.612028359062321442e+03 1.711839951274143163e-03
1.612062547169811296e+03 1.700456190736587261e-03
1.612096735277301377e+03 1.689145906483045280e-03
1.612130923384791231e+03 1.677909203291872700e-03
1.612165111492281312e+03 1.666746487795607492e-03
1.612199299599771393e+03 1.655658377887468235e-03
1.612233487707261247e+03 1.644645597703444165e-03
1.612267675814751328e+03 1.633708868460339225e-03
1.612301863922241409e+03 1.622848806900346972e-03
1.612336052029731263e+03 1.612065843001526206e-03
1.612370240137221344e+03 1.601360166776362275e-03
1.612404428244711198e+03 1.590731710534633693e-03
1.612438616352201279e+03 1.580180168385027315e-03
1.612472804459691361e+03 1.569705049686522490e-03
1.612506992567181214e+03 1.559305758443059204e-03
1.612541180674671295e+03 1.548981687031304733e-03
1.612575368782161149e+03 1.538732310744442017e-03
1.612609556889651230e+03 1.528557269715485238e-03
1.612643744997141312e+03 1.518456426802178294e-03
1.612677933104631165e+03 1.508429893600889398e-03
1.612712121212121247e+03 1.498478021295034449e-03
1.612746309319611328e+03 1.488601357797766228e-03
1.612780497427101182e+03 1.478800576895500504e-03
1.612814685534591263e+03 1.469076388252687094e-03
1.612848873642081116e+03 1.459429438841591473e-03
1.612883061749571198e+03 1.449860216525424407e-03
1.612917249857061279e+03 1.440368965318063795e-03
1.612951437964551133e+03 1.430955619636852492e-03
1.612985626072041214e+03 1.421619762133566594e-03
1.613019814179531295e+03 1.412360606917760931e-03
1.613054002287021149e+03 1.403177007578288284e-03
1.613088190394511230e+03 1.394067487617919486e-03
1.613122378502001084e+03 1.385030289824396238e-03
1.613156566609491165e+03 1.376063440630920925e-03
1.613190754716981246e+03 1.367164825478595991e-03
1.613224942824471100e+03 1.358332271343964948e-03
1.613259130931961181e+03 1.349563632720367006e-03
1.613293319039451035e+03 1.340856877305705375e-03
1.613327507146941116e+03 1.332210167426906228e-03
1.613361695254431197e+03 1.323621932912235830e-03
1.613395883361921051e+03 1.315090930882337888e-03
1.613430071469411132e+03 1.306616287981235457e-03
1.613464259576901213e+03 1.298197521098015065e-03
1.613498447684391067e+03 1.289834533747394492e-03
1.613532635791881148e+03 1.281527586973644356e-03
1.613566823899371002e+03 1.273277245776708189e-03
1.613601012006861083e+03 1.265084304376984208e-03
1.613635200114351164e+03 1.256949695809950933e-03
1.613669388221841018e+03 1.248874393037811142e-03
1.613703576329331099e+03 1.240859309703054841e-03
1.613737764436821180e+03 1.232905208662121721e-03
1.613771952544311034e+03 1.225012625508550704e-03
1.613806140651801115e+03 1.217181812560874828e-03
1.613840328759290969e+03 1.209412706517014151e-03
1.613874516866781050e+03 1.201704920508429950e-03
1.613908704974271132e+03 1.194057758981220425e-03
1.613942893081760985e+03 1.186470251991578444e-03
1.613977081189251066e+03 1.178941204326978704e-03
1.614011269296740920e+03 1.171469254413327497e-03
1.614045457404231001e+03 1.164052938167242082e-03
1.614079645511721083e+03 1.156690753618713806e-03
1.614113833619210936e+03 1.149381223021120118e-03
1.614148021726701018e+03 1.142122950041776341e-03
1.614182209834191099e+03 1.134914670301633748e-03
1.614216397941680952e+03 1.127755293917033757e-03
1.614250586049171034e+03 1.120643938808783911e-03
1.614284774156660887e+03 1.113579953499364275e-03
1.614318962264150969e+03 1.106562928091157482e-03
1.614353150371641050e+03 1.099592692285897158e-03
1.614387338479130904e+03 1.092669299797420501e-03
1.614421526586620985e+03 1.085792999363941998e-03
1.614455714694111066e+03 1.078964193709549884e-03
1.614489902801600920e+03 1.072183389064423897e-03
1.614524090909091001e+03 1.065451138993992559e-03
1.614558279016580855e+03 1.058767987067290705e-03
1.614592467124070936e+03 1.052134413126638510e-03
1.614626655231561017e+03 1.045550787519709725e-03
1.614660843339050871e+03 1.039017336663741308e-03
1.614695031446540952e+03 1.032534121893314335e-03
1.614729219554030806e+03 1.026101031946071839e-03
1.614763407661520887e+03 1.019717787942030262e-03
1.614797595769010968e+03 1.013383958556041695e-03
1.614831783876500822e+03 1.007098982428930416e-03
1.614865971983990903e+03 1.000862194755622802e-03
1.614900160091480984e+03 9.946728553569693290e-04
1.614934348198970838e+03 9.885301762246462547e-04
1.614968536306460919e+03 9.824333473191812320e-04
1.615002724413950773e+03 9.763815601007192922e-04
1.615036912521440854e+03 9.703740287346740130e-04
1.615071100628930935e+03 9.644100090763336151e-04
1.615105288736420789e+03 9.584888154254972686e-04
1.615139476843910870e+03 9.526098347533100809e-04
1.615173664951400724e+03 9.467725377787923309e-04
1.615207853058890805e+03 9.409764860528558933e-04
1.615242041166380886e+03 9.352213341967784014e-04
1.615276229273870740e+03 9.295068266811632764e-04
1.615310417381360821e+03 9.238327889900848277e-04
1.615344605488850902e+03 9.181991136021001344e-04
1.615378793596340756e+03 9.126057418084737322e-04
1.615412981703830837e+03 9.070526428513968863e-04
1.615447169811320691e+03 9.015397921054172032e-04
1.615481357918810772e+03 8.960671500042733913e-04
1.615515546026300854e+03 8.906346431583661485e-04
1.615549734133790707e+03 8.852421486968265049e-04
1.615583922241280789e+03 8.798894824164029587e-04
1.615618110348770642e+03 8.745763909407148692e-04
1.615652298456260723e+03 8.693025478691560406e-04
1.615686486563750805e+03 8.640675538509550542e-04
1.615720674671240658e+03 8.588709406202844291e-04
1.615754862778730740e+03 8.537121791843380091e-04
1.615789050886220821e+03 8.485906924528641235e-04
1.615823238993710675e+03 8.435058725269975206e-04
1.615857427101200756e+03 8.384571025602864614e-04
1.615891615208690610e+03 8.334437825632291796e-04
1.615925803316180691e+03 8.284653578146559602e-04
1.615959991423670772e+03 8.235213478012405174e-04
1.615994179531160626e+03 8.186113729976387567e-04
1.616028367638650707e+03 8.137351764891593339e-04
1.616062555746140788e+03 8.088926375497433249e-04
1.616096743853630642e+03 8.040837748701301158e-04
1.616130931961120723e+03 7.993087381435153710e-04
1.616165120068610577e+03 7.945677880293652157e-04
1.616199308176100658e+03 7.898612659335924133e-04
1.616233496283590739e+03 7.851895563372826049e-04
1.616267684391080593e+03 7.805530453615566527e-04
1.616301872498570674e+03 7.759520797127338098e-04
1.616336060606060528e+03 7.713869300353640331e-04
1.616370248713550609e+03 7.668577620362497689e-04
1.616404436821040690e+03 7.623646176486063809e-04
1.616438624928530544e+03 7.579074071682708261e-04
1.616472813036020625e+03 7.534859119298087122e-04
1.616507001143510706e+03 7.490997959046054918e-04
1.616541189251000560e+03 7.447486237531380539e-04
1.616575377358490641e+03 7.404318824363315251e-04
1.616609565465980495e+03 7.361490034956375515e-04
1.616643753573470576e+03 7.318993834900854381e-04
1.616677941680960657e+03 7.276824007270136412e-04
1.616712129788450511e+03 7.234974272181474977e-04
1.616746317895940592e+03 7.193438356156733361e-04
1.616780506003430673e+03 7.152210016369587317e-04
1.616814694110920527e+03 7.111283031025170424e-04
1.616848882218410608e+03 7.070651171462471237e-04
1.616883070325900462e+03 7.030308173848203064e-04
1.616917258433390543e+03 6.990247728402231540e-04
1.616951446540880625e+03 6.950463501894373975e-04
1.616985634648370478e+03 6.910949204716467734e-04
1.617019822755860559e+03 6.871698707373277877e-04
1.617054010863350413e+03 6.832706203226400791e-04
1.617088198970840494e+03 6.793966405566182441e-04
1.617122387078330576e+03 6.755474758690018389e-04
1.617156575185820429e+03 6.717227635952156264e-04
1.617190763293310511e+03 6.679222494056150225e-04
1.617224951400800592e+03 6.641457953287504407e-04
1.617259139508290446e+03 6.603933778542964671e-04
1.617293327615780527e+03 6.566650745826920887e-04
1.617327515723270380e+03 6.529610392495197296e-04
1.617361703830760462e+03 6.492814665334467822e-04
1.617395891938250543e+03 6.456265496424551950e-04
1.617430080045740397e+03 6.419964350248126518e-04
1.617464268153230478e+03 6.383911794425606171e-04
1.617498456260720559e+03 6.348107149009000636e-04
1.617532644368210413e+03 6.312548264543777366e-04
1.617566832475700494e+03 6.277231467206661683e-04
1.617601020583190348e+03 6.242151691426298197e-04
1.617635208690680429e+03 6.207302798612914776e-04
1.617669396798170510e+03 6.172678057745931103e-04
1.617703584905660364e+03 6.138270742647997710e-04
1.617737773013150445e+03 6.104074784688377775e-04
1.617771961120640299e+03 6.070085410683740508e-04
1.617806149228130380e+03 6.036299695232232639e-04
1.617840337335620461e+03 6.002716964810858981e-04
1.617874525443110315e+03 5.969339006691117867e-04
1.617908713550600396e+03 5.936170057052257394e-04
1.617942901658090477e+03 5.903216566827303169e-04
1.617977089765580331e+03 5.870486767706261473e-04
1.618011277873070412e+03 5.837990081363508311e-04
1.618045465980560266e+03 5.805736429933399138e-04
1.618079654088050347e+03 5.773735513456603732e-04
1.618113842195540428e+03 5.741996119936514575e-04
1.618148030303030282e+03 5.710525526319115393e-04
1.618182218410520363e+03 5.679329035593192127e-04
1.618216406518010444e+03 5.648409678386409833e-04
1.618250594625500298e+03 5.617768089273498513e-04
1.618284782732990379e+03 5.587402550802735880e-04
1.618318970840480233e+03 5.557309183882539480e-04
1.618353158947970314e+03 5.527482252945336129e-04
1.618387347055460395e+03 5.497914548816969747e-04
1.618421535162950249e+03 5.468597811384938575e-04
1.618455723270440330e+03 5.439523157331451397e-04
1.618489911377930184e+03 5.410681484337214950e-04
1.618524099485420265e+03 5.382063831026974096e-04
1.618558287592910347e+03 5.353661680259767146e-04
1.618592475700400200e+03 5.325467201047984428e-04
1.618626663807890282e+03 5.297473430561802600e-04
1.618660851915380363e+03 5.269674401822354269e-04
1.618695040022870216e+03 5.242065224670078511e-04
1.618729228130360298e+03 5.214642127656083205e-04
1.618763416237850151e+03 5.187402467221508039e-04
1.618797604345340233e+03 5.160344708732160285e-04
1.618831792452830314e+03 5.133468382576811782e-04
1.618865980560320168e+03 5.106774018541434569e-04
1.618900168667810249e+03 5.080263063762827059e-04
1.618934356775300103e+03 5.053937794108254080e-04
1.618968544882790184e+03 5.027801235696883163e-04
1.619002732990280265e+03 5.001857121770519193e-04
1.619036921097770119e+03 4.976109918919832632e-04
1.619071109205260200e+03 4.950564963875455542e-04
1.619105297312750281e+03 4.925228755280407038e-04
1.619139485420240135e+03 4.900109441363900871e-04
1.619173673527730216e+03 4.875217531558126015e-04
1.619207861635220070e+03 4.850566835746663121e-04
1.619242049742710151e+03 4.826175598309219807e-04
1.619276237850200232e+03 4.802067747150134979e-04
1.619310425957690086e+03 4.778274125598170967e-04
1.619344614065180167e+03 4.754833526523209340e-04
1.619378802172670021e+03 4.731793315734560330e-04
1.619412990280160102e+03 4.709209429490754818e-04
1.619447178387650183e+03 4.687145569980822181e-04
1.619481366495140037e+03 4.665671506766581422e-04
1.619515554602630118e+03 4.644860513776391336e-04
1.619549742710120199e+03 4.624786110283894518e-04
1.619583930817610053e+03 4.605518401000516064e-04
1.619618118925100134e+03 4.587120394264386850e-04
1.619652307032589988e+03 4.569644696131085161e-04
1.619686495140080069e+03 4.553130926058758716e-04
1.619720683247570150e+03 4.537604089462805856e-04
1.619754871355060004e+03 4.523074000484339865e-04
1.619789059462550085e+03 4.509535706821726103e-04
1.619823247570040166e+03 4.496970754813241406e-04
1.619857435677530020e+03 4.485349063301632077e-04
1.619891623785020101e+03 4.474631152264257807e-04
1.619925811892509955e+03 4.464770489269547470e-04
1.619960000000000036e+03 4.455715760210572076e-04
