-2.000000000000000042e-02
-1.994993742177722171e-02
-1.989987484355444300e-02
-1.984981226533166429e-02
-1.979974968710888558e-02
-1.974968710888610687e-02
-1.969962453066332816e-02
-1.964956195244054946e-02
-1.959949937421777422e-02
-1.954943679599499551e-02
-1.949937421777221680e-02
-1.944931163954943809e-02
-1.939924906132665938e-02
-1.934918648310388067e-02
-1.929912390488110197e-02
-1.924906132665832326e-02
-1.919899874843554455e-02
-1.914893617021276584e-02
-1.909887359198998713e-02
-1.904881101376720842e-02
-1.899874843554442971e-02
-1.894868585732165100e-02
-1.889862327909887230e-02
-1.884856070087609706e-02
-1.879849812265331835e-02
-1.874843554443053964e-02
-1.869837296620776093e-02
-1.864831038798498222e-02
-1.859824780976220351e-02
-1.854818523153942481e-02
-1.849812265331664610e-02
-1.844806007509386739e-02
-1.839799749687108868e-02
-1.834793491864830997e-02
-1.829787234042553126e-02
-1.824780976220275255e-02
-1.819774718397997385e-02
-1.814768460575719861e-02
-1.809762202753441990e-02
-1.804755944931164119e-02
-1.799749687108886248e-02
-1.794743429286608377e-02
-1.789737171464330506e-02
-1.784730913642052635e-02
-1.779724655819774765e-02
-1.774718397997496894e-02
-1.769712140175219023e-02
-1.764705882352941152e-02
-1.759699624530663281e-02
-1.754693366708385410e-02
-1.749687108886107539e-02
-1.744680851063829669e-02
-1.739674593241551798e-02
-1.734668335419274274e-02
-1.729662077596996403e-02
-1.724655819774718532e-02
-1.719649561952440661e-02
-1.714643304130162790e-02
-1.709637046307884919e-02
-1.704630788485607049e-02
-1.699624530663329178e-02
-1.694618272841051307e-02
-1.689612015018773436e-02
-1.684605757196495565e-02
-1.679599499374217694e-02
-1.674593241551940170e-02
-1.669586983729662300e-02
-1.664580725907384429e-02
-1.659574468085106558e-02
-1.654568210262828687e-02
-1.649561952440550816e-02
-1.644555694618272945e-02
-1.639549436795995074e-02
-1.634543178973717203e-02
-1.629536921151439333e-02
-1.624530663329161462e-02
-1.619524405506883591e-02
-1.614518147684605720e-02
-1.609511889862327849e-02
-1.604505632040049978e-02
-1.599499374217772107e-02
-1.594493116395494237e-02
-1.589486858573216366e-02
-1.584480600750938842e-02
-1.579474342928660971e-02
-1.574468085106383100e-02
-1.569461827284105229e-02
-1.564455569461827358e-02
-1.559449311639549487e-02
-1.554443053817271617e-02
-1.549436795994993746e-02
-1.544430538172715875e-02
-1.539424280350438004e-02
-1.534418022528160133e-02
-1.529411764705882436e-02
-1.524405506883604565e-02
-1.519399249061326694e-02
-1.514392991239048997e-02
-1.509386733416771126e-02
-1.504380475594493255e-02
-1.499374217772215384e-02
-1.494367959949937513e-02
-1.489361702127659642e-02
-1.484355444305381772e-02
-1.479349186483103901e-02
-1.474342928660826030e-02
-1.469336670838548159e-02
-1.464330413016270288e-02
-1.459324155193992591e-02
-1.454317897371714720e-02
-1.449311639549436849e-02
-1.444305381727158978e-02
-1.439299123904881281e-02
-1.434292866082603410e-02
-1.429286608260325539e-02
-1.424280350438047668e-02
-1.419274092615769797e-02
-1.414267834793491926e-02
-1.409261576971214056e-02
-1.404255319148936185e-02
-1.399249061326658314e-02
-1.394242803504380443e-02
-1.389236545682102572e-02
-1.384230287859824875e-02
-1.379224030037547004e-02
-1.374217772215269133e-02
-1.369211514392991262e-02
-1.364205256570713565e-02
-1.359198998748435694e-02
-1.354192740926157823e-02
-1.349186483103879952e-02
-1.344180225281602081e-02
-1.339173967459324210e-02
-1.334167709637046340e-02
-1.329161451814768469e-02
-1.324155193992490598e-02
-1.319148936170212727e-02
-1.314142678347934856e-02
-1.309136420525657159e-02
-1.304130162703379288e-02
-1.299123904881101417e-02
-1.294117647058823720e-02
-1.289111389236545849e-02
-1.284105131414267978e-02
-1.279098873591990107e-02
-1.274092615769712236e-02
-1.269086357947434365e-02
-1.264080100125156494e-02
-1.259073842302878624e-02
-1.254067584480600753e-02
-1.249061326658322882e-02
-1.244055068836045011e-02
-1.239048811013767314e-02
-1.234042553191489443e-02
-1.229036295369211572e-02
-1.224030037546933701e-02
-1.219023779724656004e-02
-1.214017521902377959e-02
-1.209011264080100262e-02
-1.204005006257822391e-02
-1.198998748435544520e-02
-1.193992490613266649e-02
-1.188986232790988778e-02
-1.183979974968710908e-02
-1.178973717146433037e-02
-1.173967459324155339e-02
-1.168961201501877469e-02
-1.163954943679599598e-02
-1.158948685857321727e-02
-1.153942428035043856e-02
-1.148936170212765985e-02
-1.143929912390488114e-02
-1.138923654568210417e-02
-1.133917396745932546e-02
-1.128911138923654675e-02
-1.123904881101376804e-02
-1.118898623279098933e-02
-1.113892365456821062e-02
-1.108886107634543192e-02
-1.103879849812265321e-02
-1.098873591989987623e-02
-1.093867334167709753e-02
-1.088861076345431882e-02
-1.083854818523154011e-02
-1.078848560700876140e-02
-1.073842302878598269e-02
-1.068836045056320398e-02
-1.063829787234042701e-02
-1.058823529411764830e-02
-1.053817271589486959e-02
-1.048811013767209088e-02
-1.043804755944931217e-02
-1.038798498122653347e-02
-1.033792240300375476e-02
-1.028785982478097778e-02
-1.023779724655819907e-02
-1.018773466833542037e-02
-1.013767209011264166e-02
-1.008760951188986295e-02
-1.003754693366708424e-02
-9.987484355444305531e-03
-9.937421777221526822e-03
-9.887359198998749849e-03
-9.837296620775971140e-03
-9.787234042553192431e-03
-9.737171464330413723e-03
-9.687108886107635014e-03
-9.637046307884856305e-03
-9.586983729662077597e-03
-9.536921151439300623e-03
-9.486858573216521914e-03
-9.436795994993743206e-03
-9.386733416770964497e-03
-9.336670838548185788e-03
-9.286608260325407080e-03
-9.236545682102628371e-03
-9.186483103879851397e-03
-9.136420525657072689e-03
-9.086357947434293980e-03
-9.036295369211515272e-03
-8.986232790988736563e-03
-8.936170212765957854e-03
-8.886107634543179146e-03
-8.836045056320400437e-03
-8.785982478097623463e-03
-8.735919899874844755e-03
-8.685857321652066046e-03
-8.635794743429287337e-03
-8.585732165206508629e-03
-8.535669586983729920e-03
-8.485607008760951211e-03
-8.435544430538174238e-03
-8.385481852315395529e-03
-8.335419274092616820e-03
-8.285356695869838112e-03
-8.235294117647059403e-03
-8.185231539424280695e-03
-8.135168961201501986e-03
-8.085106382978725012e-03
-8.035043804755946303e-03
-7.984981226533167595e-03
-7.934918648310388886e-03
-7.884856070087610178e-03
-7.834793491864831469e-03
-7.784730913642052760e-03
-7.734668335419274052e-03
-7.684605757196497078e-03
-7.634543178973718369e-03
-7.584480600750939661e-03
-7.534418022528160952e-03
-7.484355444305382243e-03
-7.434292866082603535e-03
-7.384230287859824826e-03
-7.334167709637047852e-03
-7.284105131414269144e-03
-7.234042553191490435e-03
-7.183979974968711726e-03
-7.133917396745933018e-03
-7.083854818523154309e-03
-7.033792240300375601e-03
-6.983729662077598627e-03
-6.933667083854819918e-03
-6.883604505632041209e-03
-6.833541927409262501e-03
-6.783479349186483792e-03
-6.733416770963705084e-03
-6.683354192740926375e-03
-6.633291614518149401e-03
-6.583229036295370692e-03
-6.533166458072591984e-03
-6.483103879849813275e-03
-6.433041301627034567e-03
-6.382978723404255858e-03
-6.332916145181477149e-03
-6.282853566958698441e-03
-6.232790988735921467e-03
-6.182728410513142758e-03
-6.132665832290364050e-03
-6.082603254067585341e-03
-6.032540675844806632e-03
-5.982478097622027924e-03
-5.932415519399249215e-03
-5.882352941176472241e-03
-5.832290362953693533e-03
-5.782227784730914824e-03
-5.732165206508136115e-03
-5.682102628285357407e-03
-5.632040050062578698e-03
-5.581977471839799990e-03
-5.531914893617023016e-03
-5.481852315394244307e-03
-5.431789737171465599e-03
-5.381727158948686890e-03
-5.331664580725908181e-03
-5.281602002503129473e-03
-5.231539424280350764e-03
-5.181476846057572055e-03
-5.131414267834795082e-03
-5.081351689612016373e-03
-5.031289111389237664e-03
-4.981226533166458956e-03
-4.931163954943680247e-03
-4.881101376720901538e-03
-4.831038798498122830e-03
-4.780976220275345856e-03
-4.730913642052567147e-03
-4.680851063829788439e-03
-4.630788485607009730e-03
-4.580725907384231022e-03
-4.530663329161452313e-03
-4.480600750938673604e-03
-4.430538172715896630e-03
-4.380475594493117922e-03
-4.330413016270337478e-03
-4.280350438047558770e-03
-4.230287859824783531e-03
-4.180225281602004822e-03
-4.130162703379226113e-03
-4.080100125156447405e-03
-4.030037546933668696e-03
-3.979974968710889988e-03
-3.929912390488111279e-03
-3.879849812265332570e-03
-3.829787234042553862e-03
-3.779724655819775153e-03
-3.729662077596996445e-03
-3.679599499374217736e-03
-3.629536921151439027e-03
-3.579474342928660319e-03
-3.529411764705881610e-03
-3.479349186483106371e-03
-3.429286608260327662e-03
-3.379224030037548954e-03
-3.329161451814770245e-03
-3.279098873591991536e-03
-3.229036295369212828e-03
-3.178973717146434119e-03
-3.128911138923655411e-03
-3.078848560700876702e-03
-3.028785982478097993e-03
-2.978723404255319285e-03
-2.928660826032540576e-03
-2.878598247809761868e-03
-2.828535669586983159e-03
-2.778473091364207920e-03
-2.728410513141429211e-03
-2.678347934918650503e-03
-2.628285356695871794e-03
-2.578222778473093085e-03
-2.528160200250314377e-03
-2.478097622027535668e-03
-2.428035043804756959e-03
-2.377972465581978251e-03
-2.327909887359199542e-03
-2.277847309136420834e-03
-2.227784730913642125e-03
-2.177722152690863416e-03
-2.127659574468084708e-03
-2.077596996245305999e-03
-2.027534418022530760e-03
-1.977471839799752051e-03
-1.927409261576973343e-03
-1.877346683354194634e-03
-1.827284105131415926e-03
-1.777221526908637217e-03
-1.727158948685858508e-03
-1.677096370463079800e-03
-1.627033792240301091e-03
-1.576971214017522382e-03
-1.526908635794743674e-03
-1.476846057571964965e-03
-1.426783479349186257e-03
-1.376720901126407548e-03
-1.326658322903628839e-03
-1.276595744680853600e-03
-1.226533166458074892e-03
-1.176470588235296183e-03
-1.126408010012517474e-03
-1.076345431789738766e-03
-1.026282853566960057e-03
-9.762202753441813485e-04
-9.261576971214026399e-04
-8.760951188986239313e-04
-8.260325406758452227e-04
-7.759699624530665141e-04
-7.259073842302878055e-04
-6.758448060075090968e-04
-6.257822277847303882e-04
-5.757196495619551491e-04
-5.256570713391764404e-04
-4.755944931163977318e-04
-4.255319148936190232e-04
-3.754693366708403146e-04
-3.254067584480616060e-04
-2.753441802252828974e-04
-2.252816020025041888e-04
-1.752190237797254801e-04
-1.251564455569467715e-04
-7.509386733416806292e-05
-2.503128911138935431e-05
2.503128911138935431e-05
7.509386733416806292e-05
1.251564455569467715e-04
1.752190237797220107e-04
2.252816020025007193e-04
2.753441802252794279e-04
3.254067584480581365e-04
3.754693366708368452e-04
4.255319148936155538e-04
4.755944931163942624e-04
5.256570713391729710e-04
5.757196495619516796e-04
6.257822277847303882e-04
6.758448060075090968e-04
7.259073842302878055e-04
7.759699624530665141e-04
8.260325406758452227e-04
8.760951188986204619e-04
9.261576971213991705e-04
9.762202753441778791e-04
1.026282853566956588e-03
1.076345431789735296e-03
1.126408010012514005e-03
1.176470588235292714e-03
1.226533166458071422e-03
1.276595744680850131e-03
1.326658322903628839e-03
1.376720901126407548e-03
1.426783479349186257e-03
1.476846057571964965e-03
1.526908635794743674e-03
1.576971214017522382e-03
1.627033792240297622e-03
1.677096370463076330e-03
1.727158948685855039e-03
1.777221526908633747e-03
1.827284105131412456e-03
1.877346683354191165e-03
1.927409261576969873e-03
1.977471839799748582e-03
2.027534418022527291e-03
2.077596996245305999e-03
2.127659574468084708e-03
2.177722152690863416e-03
2.227784730913642125e-03
2.277847309136420834e-03
2.327909887359199542e-03
2.377972465581974781e-03
2.428035043804753490e-03
2.478097622027532199e-03
2.528160200250310907e-03
2.578222778473089616e-03
2.628285356695868324e-03
2.678347934918647033e-03
2.728410513141425742e-03
2.778473091364204450e-03
2.828535669586983159e-03
2.878598247809761868e-03
2.928660826032540576e-03
2.978723404255319285e-03
3.028785982478097993e-03
3.078848560700873233e-03
3.128911138923651941e-03
3.178973717146430650e-03
3.229036295369209358e-03
3.279098873591988067e-03
3.329161451814766776e-03
3.379224030037545484e-03
3.429286608260324193e-03
3.479349186483102901e-03
3.529411764705881610e-03
3.579474342928660319e-03
3.629536921151439027e-03
3.679599499374217736e-03
3.729662077596996445e-03
3.779724655819775153e-03
3.829787234042550392e-03
3.879849812265329101e-03
3.929912390488107810e-03
3.979974968710886518e-03
4.030037546933665227e-03
4.080100125156443935e-03
4.130162703379222644e-03
4.180225281602001353e-03
4.230287859824780061e-03
4.280350438047558770e-03
4.330413016270337478e-03
4.380475594493116187e-03
4.430538172715894896e-03
4.480600750938673604e-03
4.530663329161452313e-03
4.580725907384227552e-03
4.630788485607006261e-03
4.680851063829784969e-03
4.730913642052563678e-03
4.780976220275342387e-03
4.831038798498121095e-03
4.881101376720899804e-03
4.931163954943678512e-03
4.981226533166457221e-03
5.031289111389235930e-03
5.081351689612014638e-03
5.131414267834793347e-03
5.181476846057572055e-03
5.231539424280350764e-03
5.281602002503126003e-03
5.331664580725904712e-03
5.381727158948683420e-03
5.431789737171462129e-03
5.481852315394240838e-03
5.531914893617019546e-03
5.581977471839798255e-03
5.632040050062576964e-03
5.682102628285355672e-03
5.732165206508134381e-03
5.782227784730913089e-03
5.832290362953691798e-03
5.882352941176470507e-03
5.932415519399249215e-03
5.982478097622027924e-03
6.032540675844803163e-03
6.082603254067581872e-03
6.132665832290360580e-03
6.182728410513139289e-03
6.232790988735917997e-03
6.282853566958696706e-03
6.332916145181475415e-03
6.382978723404254123e-03
6.433041301627032832e-03
6.483103879849811541e-03
6.533166458072590249e-03
6.583229036295368958e-03
6.633291614518147666e-03
6.683354192740926375e-03
6.733416770963701614e-03
6.783479349186480323e-03
6.833541927409259031e-03
6.883604505632037740e-03
6.933667083854816449e-03
6.983729662077595157e-03
7.033792240300373866e-03
7.083854818523152574e-03
7.133917396745931283e-03
7.183979974968709992e-03
7.234042553191488700e-03
7.284105131414267409e-03
7.334167709637046118e-03
7.384230287859824826e-03
7.434292866082603535e-03
7.484355444305378774e-03
7.534418022528157483e-03
7.584480600750936191e-03
7.634543178973714900e-03
7.684605757196493608e-03
7.734668335419272317e-03
7.784730913642051026e-03
7.834793491864829734e-03
7.884856070087608443e-03
7.934918648310387151e-03
7.984981226533165860e-03
8.035043804755944569e-03
8.085106382978723277e-03
8.135168961201501986e-03
8.185231539424280695e-03
8.235294117647055934e-03
8.285356695869834642e-03
8.335419274092613351e-03
8.385481852315392060e-03
8.435544430538170768e-03
8.485607008760949477e-03
8.535669586983728185e-03
8.585732165206506894e-03
8.635794743429285603e-03
8.685857321652064311e-03
8.735919899874843020e-03
8.785982478097621728e-03
8.836045056320400437e-03
8.886107634543179146e-03
8.936170212765954385e-03
8.986232790988733093e-03
9.036295369211511802e-03
9.086357947434290511e-03
9.136420525657069219e-03
9.186483103879847928e-03
9.236545682102626637e-03
9.286608260325405345e-03
9.336670838548184054e-03
9.386733416770962762e-03
9.436795994993741471e-03
9.486858573216520180e-03
9.536921151439298888e-03
9.586983729662077597e-03
9.637046307884856305e-03
9.687108886107631545e-03
9.737171464330410253e-03
9.787234042553188962e-03
9.837296620775967670e-03
9.887359198998746379e-03
9.937421777221525088e-03
9.987484355444303796e-03
1.003754693366708250e-02
1.008760951188986121e-02
1.013767209011263992e-02
1.018773466833541863e-02
1.023779724655819734e-02
1.028785982478097605e-02
1.033792240300375476e-02
1.038798498122653347e-02
1.043804755944930870e-02
1.048811013767208741e-02
1.053817271589486612e-02
1.058823529411764483e-02
1.063829787234042354e-02
1.068836045056320225e-02
1.073842302878598096e-02
1.078848560700875966e-02
1.083854818523153837e-02
1.088861076345431708e-02
1.093867334167709579e-02
1.098873591989987450e-02
1.103879849812265321e-02
1.108886107634543192e-02
1.113892365456820716e-02
1.118898623279098586e-02
1.123904881101376457e-02
1.128911138923654675e-02
1.133917396745932546e-02
1.138923654568210417e-02
1.143929912390488288e-02
1.148936170212766159e-02
1.153942428035043335e-02
1.158948685857321206e-02
1.163954943679599077e-02
1.168961201501876948e-02
1.173967459324154819e-02
1.178973717146432690e-02
1.183979974968710561e-02
1.188986232790988432e-02
1.193992490613266302e-02
1.198998748435544173e-02
1.204005006257822044e-02
1.209011264080099915e-02
1.214017521902377786e-02
1.219023779724655657e-02
1.224030037546933528e-02
1.229036295369211398e-02
1.234042553191489269e-02
1.239048811013767140e-02
1.244055068836045011e-02
1.249061326658322882e-02
1.254067584480600753e-02
1.259073842302878624e-02
1.264080100125156494e-02
1.269086357947434365e-02
1.274092615769712236e-02
1.279098873591990107e-02
1.284105131414267978e-02
1.289111389236545849e-02
1.294117647058823720e-02
1.299123904881100897e-02
1.304130162703378767e-02
1.309136420525656638e-02
1.314142678347934509e-02
1.319148936170212380e-02
1.324155193992490251e-02
1.329161451814768122e-02
1.334167709637045993e-02
1.339173967459323863e-02
1.344180225281601734e-02
1.349186483103879605e-02
1.354192740926157476e-02
1.359198998748435347e-02
1.364205256570713218e-02
1.369211514392991089e-02
1.374217772215268960e-02
1.379224030037546830e-02
1.384230287859824701e-02
1.389236545682102572e-02
1.394242803504380443e-02
1.399249061326658314e-02
1.404255319148936185e-02
1.409261576971214056e-02
1.414267834793491926e-02
1.419274092615769797e-02
1.424280350438047668e-02
1.429286608260325539e-02
1.434292866082603410e-02
1.439299123904881281e-02
1.444305381727158458e-02
1.449311639549436329e-02
1.454317897371714199e-02
1.459324155193992070e-02
1.464330413016269941e-02
1.469336670838547812e-02
1.474342928660825683e-02
1.479349186483103554e-02
1.484355444305381425e-02
1.489361702127659295e-02
1.494367959949937166e-02
1.499374217772215037e-02
1.504380475594492908e-02
1.509386733416770779e-02
1.514392991239048650e-02
1.519399249061326521e-02
1.524405506883604391e-02
1.529411764705882262e-02
1.534418022528160133e-02
1.539424280350438004e-02
1.544430538172715875e-02
1.549436795994993746e-02
1.554443053817271617e-02
1.559449311639549487e-02
1.564455569461827358e-02
1.569461827284105229e-02
1.574468085106383100e-02
1.579474342928660971e-02
1.584480600750938842e-02
1.589486858573216019e-02
1.594493116395493890e-02
1.599499374217771760e-02
1.604505632040049631e-02
1.609511889862327502e-02
1.614518147684605373e-02
1.619524405506883244e-02
1.624530663329161115e-02
1.629536921151438986e-02
1.634543178973716857e-02
1.639549436795994727e-02
1.644555694618272598e-02
1.649561952440550469e-02
1.654568210262828340e-02
1.659574468085106211e-02
1.664580725907384082e-02
1.669586983729661953e-02
1.674593241551939823e-02
1.679599499374217694e-02
1.684605757196495565e-02
1.689612015018773436e-02
1.694618272841051307e-02
1.699624530663329178e-02
1.704630788485607049e-02
1.709637046307884919e-02
1.714643304130162790e-02
1.719649561952440661e-02
1.724655819774718532e-02
1.729662077596996403e-02
1.734668335419274274e-02
1.739674593241551451e-02
1.744680851063829322e-02
1.749687108886107192e-02
1.754693366708385063e-02
1.759699624530662934e-02
1.764705882352940805e-02
1.769712140175218676e-02
1.774718397997496547e-02
1.779724655819774418e-02
1.784730913642052288e-02
1.789737171464330159e-02
1.794743429286608030e-02
1.799749687108885901e-02
1.804755944931163772e-02
1.809762202753441643e-02
1.814768460575719514e-02
1.819774718397997385e-02
1.824780976220275255e-02
1.829787234042553126e-02
1.834793491864830997e-02
1.839799749687108868e-02
1.844806007509386739e-02
1.849812265331664610e-02
1.854818523153942481e-02
1.859824780976220351e-02
1.864831038798498222e-02
1.869837296620776093e-02
1.874843554443053964e-02
1.879849812265331835e-02
1.884856070087609012e-02
1.889862327909886883e-02
1.894868585732164754e-02
1.899874843554442624e-02
1.904881101376720495e-02
1.909887359198998366e-02
1.914893617021276237e-02
1.919899874843554108e-02
1.924906132665831979e-02
1.929912390488109850e-02
1.934918648310387720e-02
1.939924906132665591e-02
1.944931163954943462e-02
1.949937421777221333e-02
1.954943679599499204e-02
1.959949937421777075e-02
1.964956195244054946e-02
1.969962453066332816e-02
1.974968710888610687e-02
1.979974968710888558e-02
1.984981226533166429e-02
1.989987484355444300e-02
1.994993742177722171e-02
2.000000000000000042e-02
