4.000000000000000000e+01 3.607999999999998718e-103
6.000000000000000000e+01 3.607999999999998718e-103
8.000000000000000000e+01 3.607999999999998718e-103
1.000000000000000000e+02 6.240409563960171226e+02
1.100000000000000000e+02 4.993121406069980003e+05
1.200000000000000000e+02 1.172948258292434551e+07
1.300000000000000000e+02 1.002075430767052174e+08
1.400000000000000000e+02 5.732292164225991964e+08
1.500000000000000000e+02 1.534782664131193876e+09
1.600000000000000000e+02 2.743946822929552078e+09
1.700000000000000000e+02 3.811889798033712387e+09
1.800000000000000000e+02 4.884953970141457558e+09
1.900000000000000000e+02 5.817800828987610817e+09
2.000000000000000000e+02 6.647822501992196083e+09
2.100000000000000000e+02 6.716169493607973099e+09
2.200000000000000000e+02 5.818084959986946106e+09
2.300000000000000000e+02 3.961835494820250034e+09
2.400000000000000000e+02 1.250599985132848978e+09
2.500000000000000000e+02 1.355058020764758289e+08
2.600000000000000000e+02 2.697762142572503909e+07
2.700000000000000000e+02 2.586106696201540530e+06
2.800000000000000000e+02 5.795203977592583979e+05
2.900000000000000000e+02 3.792726078894800739e+05
3.000000000000000000e+02 2.359642390674049675e+05
