0   0   0
1   0.0622   0.05806
2   -0.03195   -0.02568
3   -0.05432   -0.04609
4   0.02028   0.01376
5   -0.01129   0.02287
6   -0.05456   0.00809
7   -0.00847   -0.28984
8   1.0318   0.45195
9   1.5519   0.87349
10   2.0668   1.127
11   2.6561   1.3399
12   3.3192   1.5507
13   4.0706   1.7827
14   4.9111   2.0447
15   5.8361   2.3284
16   6.8372   2.619
17   7.9402   2.9085
18   9.1398   3.1992
19   10.4   3.4996
20   11.772   3.8208
21   13.327   4.1736
22   14.995   4.5656
23   16.675   4.9996
24   18.382   5.4746
25   20.244   5.9947
26   22.165   6.5812
27   23.966   7.2733
28   25.58   8.1307
29   26.995   9.2074
30   28.293   10.468
31   29.43   11.803
32   30.444   13.185
33   31.384   14.576
34   32.212   15.911
35   32.849   17.183
36   33.365   18.364
37   33.699   19.501
38   33.846   20.579
39   33.876   21.58
40   33.774   22.497
41   33.533   23.337
42   33.193   24.099
43   32.749   24.73
44   32.207   25.188
45   31.581   25.457
46   30.866   25.542
47   30.042   25.446
48   29.141   25.164
49   28.154   24.696
50   27.049   24.069