0.000000000000000000e+00 0.000000000000000000e+00 -2.467339094589404887e-91 1.000000047497451522e-03 4.999999873689377512e-06
2.000000000000000000e+01 5.811582482848769854e-02 -4.078949417916854587e-83 1.000000047497451522e-03 4.999999873689377512e-06
4.000000000000000000e+01 8.568567223743359107e-02 -2.658197971761280049e-67 1.000000047497451522e-03 4.999999873689377512e-06
6.000000000000000000e+01 1.424453925009066257e-01 -2.649089876541634643e-33 1.000000047497451522e-03 4.999999873689377512e-06
8.000000000000000000e+01 2.415780184497882954e-01 -4.669457848620120366e+00 1.159151358136397466e-03 4.998098505445176408e-06
1.000000000000000000e+02 8.494029651793578717e-01 1.784293162065936485e+05 2.163582263397090699e+01 2.732467619294306734e-04
1.100000000000000000e+02 1.165110377551409782e+00 1.647662765904057596e+05 1.776417403162621156e+01 4.936598193300857900e-04
1.200000000000000000e+02 1.523441866774501330e+00 1.559867298299470276e+05 1.650901957254702523e+01 8.583373322311982053e-04
1.300000000000000000e+02 1.989647577088978769e+00 1.488966768976706080e+05 1.583980140403926029e+01 1.536837346327488054e-03
1.400000000000000000e+02 2.553269783420523353e+00 1.425217891372237937e+05 1.493834131733031256e+01 2.701683104546880564e-03
1.500000000000000000e+02 3.092793583065980734e+00 1.351366948059589777e+05 1.391181664291926268e+01 4.439159796256444274e-03
1.600000000000000000e+02 3.485749177445600200e+00 1.259138171157576580e+05 1.268827548240203562e+01 6.376225487345415013e-03
1.700000000000000000e+02 3.745238060505784006e+00 1.165642917168433196e+05 1.160170069184244213e+01 7.813871861934993876e-03
1.800000000000000000e+02 3.944209440159435420e+00 1.083571800692718243e+05 1.066864862647727108e+01 8.699242593778239510e-03
1.900000000000000000e+02 4.112051713899602667e+00 1.014029615115031193e+05 9.959818728771447027e+00 9.483415502664767696e-03
2.000000000000000000e+02 4.263853949242248476e+00 9.546286245296479319e+04 9.488396936593037623e+00 1.062089569657959434e-02
2.100000000000000000e+02 4.411564971441764627e+00 9.041130659622837265e+04 8.974710596512345262e+00 1.187134240580237435e-02
2.200000000000000000e+02 4.592820515222896027e+00 8.615173972854317981e+04 8.245030116449912683e+00 1.466663504146788893e-02
2.300000000000000000e+02 4.859736074571903153e+00 8.251173807280731853e+04 7.595473313576419194e+00 2.022566650469656557e-02
2.400000000000000000e+02 5.274973741048412990e+00 7.950861786445930193e+04 7.144314686553726368e+00 2.896316718252349084e-02
2.500000000000000000e+02 5.857121332428580907e+00 7.746320896484446712e+04 7.031777761224651258e+00 4.031782050502701747e-02
2.600000000000000000e+02 6.585837391980566835e+00 7.642633407301947591e+04 7.130501805625256040e+00 5.639563533539299067e-02
2.700000000000000000e+02 7.403838302637752555e+00 7.520040354591353389e+04 7.139260833224265745e+00 7.586726284508482632e-02
2.800000000000000000e+02 8.298612000557096025e+00 7.352352867963003519e+04 7.070122318085751090e+00 1.045133302355124444e-01
2.900000000000000000e+02 9.299993366771179382e+00 7.163816561497753719e+04 6.976243832062626993e+00 1.443776586632011805e-01
3.000000000000000000e+02 1.043307003930894084e+01 7.002638271524704760e+04 6.902158580346261729e+00 1.930108549360059211e-01
