0.000000000000000000e+00 0.000000000000000000e+00 -5.656379416726353911e-57 1.000000047497451739e-03 4.999999873689376665e-06
2.000000000000000000e+01 5.667406792649936492e-02 -9.350999049934920724e-49 1.000000047497451739e-03 4.999999873689376665e-06
4.000000000000000000e+01 3.188046216559654172e-02 -6.093923744014701948e-33 1.000000047497451739e-03 4.999999873689376665e-06
6.000000000000000000e+01 1.135849481984674003e-01 -6.073043418955678163e+01 2.585347593990772359e-03 4.987677928423287874e-06
8.000000000000000000e+01 1.029388911995027911e+00 1.549921710485991207e+05 2.434658295100130943e+01 4.150943332200633792e-04
1.000000000000000000e+02 1.888370295594534953e+00 1.364938996920746577e+05 1.642688367067932731e+01 1.173090261417508197e-03
1.100000000000000000e+02 2.489493372273822391e+00 1.296329087012314267e+05 1.535738023591578560e+01 2.059166690912525837e-03
1.200000000000000000e+02 3.273406468096108135e+00 1.243197400862015784e+05 1.453215277396095928e+01 3.633707528468076934e-03
1.300000000000000000e+02 4.143673921005214922e+00 1.185160456148690573e+05 1.390980641346774682e+01 6.153846307332551044e-03
1.400000000000000000e+02 4.825248458747506852e+00 1.108834936827214260e+05 1.267004879530172978e+01 8.915213636745784528e-03
1.500000000000000000e+02 5.190000453323475149e+00 1.021314081187307602e+05 1.161151479612233395e+01 1.115582284711930973e-02
1.600000000000000000e+02 5.411793915891174755e+00 9.381234627784579061e+04 1.071203344443760308e+01 1.358074825826820556e-02
1.700000000000000000e+02 5.611096610436285381e+00 8.698021651584042411e+04 9.910978345834138281e+00 1.496856372149103082e-02
1.800000000000000000e+02 5.750930809897730533e+00 8.176136369933237438e+04 9.011964798350604156e+00 1.672410987940339475e-02
1.900000000000000000e+02 5.909760421023326771e+00 7.693206324716037489e+04 7.981196861269841847e+00 2.120857398278814740e-02
2.000000000000000000e+02 6.221948883954349085e+00 7.270833811253693420e+04 7.262634649331753955e+00 3.011663185463334808e-02
2.100000000000000000e+02 6.816085008665869971e+00 6.935710690506990068e+04 7.035575180619491498e+00 4.323594443130281129e-02
2.200000000000000000e+02 7.731802318600265345e+00 6.734888232837860414e+04 7.150452387353226413e+00 6.064330762681323372e-02
2.300000000000000000e+02 8.903133567528136894e+00 6.615450968028744683e+04 7.473553712438294916e+00 9.535610600534419334e-02
2.400000000000000000e+02 1.026013300216750324e+01 6.459379745573395485e+04 7.782922201201510681e+00 1.584737582028368230e-01
2.500000000000000000e+02 1.168783528433990604e+01 6.317474852874278440e+04 7.859952874729650318e+00 2.391014046158132789e-01
2.600000000000000000e+02 1.318138000753739902e+01 6.167701460911129107e+04 7.940960677669012924e+00 3.236237723407958677e-01
2.700000000000000000e+02 1.492103101912761609e+01 6.016447333603556035e+04 8.238418219907233109e+00 4.022276104441415145e-01
2.800000000000000000e+02 1.693910927695320723e+01 5.910032142943310464e+04 8.385911641477916234e+00 4.825812891848121899e-01
2.900000000000000000e+02 1.905464626727660615e+01 5.833497011671894870e+04 8.458772802553514936e+00 5.443440618141113241e-01
3.000000000000000000e+02 2.113103214713498446e+01 5.775007121828114759e+04 8.538807236216317875e+00 5.916542724259838959e-01
