1.25892541179417 0
1.26736848312309 0
1.27586817850042 0
1.28442487767931 0
1.29303896295974 0
1.3017108192056 0
1.31044083386192 0
1.31922939697216 0
1.3280769011956 0
1.33698374182495 0
1.34595031680396 0
1.35497702674523 0
1.36406427494809 0
1.37321246741662 0
1.38242201287781 0
1.39169332279979 0
1.40102681141024 0
1.41042289571487 0
1.4198819955161 0
1.42940453343176 0
1.438990934914 0
1.44864162826829 0
1.45835704467257 0
1.46813761819651 0
1.47798378582088 0
1.48789598745711 0
1.49787466596691 0
1.5079202671821 1
1.51803323992446 1
1.52821403602587 1
1.53846311034842 1
1.54878092080478 1
1.55916792837864 1
1.5696245971453 1
1.58015139429244 1
1.59074879014093 1
1.6014172581659 1
1.61215727501789 1
1.62296932054409 1
1.63385387780986 1
1.64481143312025 1
1.65584247604174 1
1.66694749942415 1
1.6781269994226 1
1.68938147551974 1
1.700711430548 1
1.71211737071214 1
1.72359980561176 1
1.73515924826417 1
1.74679621512725 1
1.75851122612253 1
1.77030480465845 1
1.78217747765372 1
1.79412977556085 1
1.8061622323899 1
1.81827538573227 1
1.83046977678478 1
1.84274595037382 1
1.85510445497967 1
1.86754584276108 1
1.88007066957984 1
1.89267949502571 1
1.90537288244134 1
1.91815139894751 1
1.93101561546841 1
1.94396610675719 1
1.95700345142161 1
1.97012823194991 1
1.98334103473682 1
1.99664245010979 1
2.01003307235532 1
2.02351349974554 1
2.03708433456492 1
2.05074618313723 1
2.06449965585256 1
2.07834536719463 1
2.09228393576824 1
2.10631598432692 1
2.12044213980072 1
2.13466303332424 1
2.14897930026486 1
2.16339158025105 1
2.17790051720103 1
2.19250675935149 1
2.20721095928655 1
2.22201377396694 1
2.23691586475937 1
2.25191789746601 1
2.26702054235431 1
2.2822244741869 1
2.29753037225175 1
2.31293892039253 1
2.32845080703916 1
2.34406672523856 1
2.3597873726856 1
2.37561345175432 1
2.39154566952926 1
2.40758473783707 1
2.42373137327833 1
2.43998629725955 1
2.45635023602539 1
2.47282392069112 1
2.48940808727531 1
2.50610347673266 1
2.52291083498715 1
2.53983091296536 1
2.55686446663 1
2.57401225701368 1
2.59127505025297 1
2.60865361762255 1
2.62614873556973 1
2.6437611857491 1
2.66149175505749 1
2.67934123566911 1
2.69731042507091 1
2.71540012609829 1
2.73361114697087 1
2.7519443013287 1
2.77040040826852 1
2.78898029238044 1
2.80768478378471 1
2.82651471816886 1
2.84547093682501 1
2.86455428668745 1
2.88376562037052 1
2.90310579620666 1
2.92257567828477 1
2.94217613648886 1
2.96190804653683 1
2.98177229001967 1
3.00176975444082 1
3.02190133325583 1
3.04216792591224 1
3.06257043788984 1
3.08310978074106 1
3.10378687213172 1
3.12460263588204 1
3.1455580020079 1
3.16665390676238 1
3.18789129267765 1
3.20927110860698 1
3.23079430976725 1
3.25246185778152 1
3.27427472072208 1
3.29623387315363 1
3.31834029617688 1
3.34059497747236 1
3.36299891134454 1
3.38555309876625 1
3.40825854742345 1
3.43111627176019 1
3.45412729302396 1
3.47729263931133 1
3.50061334561385 1
3.52409045386435 1
3.54772501298342 1
3.57151807892633 1
3.59547071473017 1
3.61958399056138 1
3.64385898376355 1
3.66829677890552 1
3.69289846782989 1
3.71766514970179 1
3.74259793105795 1
3.76769792585619 1
3.79296625552514 1
3.81840404901439 1
3.84401244284491 1
3.86979258115981 1
3.8957456157755 1
3.92187270623311 1
3.94817501985031 1
3.97465373177349 1
4.00131002503022 0
4.02814509058212 0
4.05516012737812 0
4.08235634240793 0
4.10973495075607 0
4.13729717565607 0
4.16504424854518 0
4.19297740911938 0
4.22109790538873 0
4.24940699373319 0
4.27790593895868 0
4.30659601435368 0
4.33547850174602 0
4.36455469156022 0
4.39382588287512 0
4.42329338348194 0
4.45295850994266 0
4.48282258764889 0
4.51288695088109 0
4.54315294286813 0
4.57362191584737 0
4.60429523112503 0
4.63517425913703 0
4.6662603795102 0
4.69755498112395 0
4.7290594621723 0
4.76077523022637 0
4.79270370229723 0
4.82484630489925 0
4.85720447411381 0
4.88977965565348 0
4.9225733049266 0
4.9555868871023 0
4.98882187717597 0
5.02227976003517 0
5.05596203052596 0
5.08987019351968 0
5.1240057639802 0
5.15837026703161 0
5.19296523802633 0
5.22779222261375 0
5.26285277680926 0
5.29814846706376 0
5.3336808703337 0
5.36945157415145 0
5.40546217669632 0
5.44171428686589 0
5.47820952434795 0
5.51494951969281 0
5.55193591438621 0
5.58917036092261 0
5.62665452287905 0
5.66439007498945 0
5.70237870321947 0
5.7406221048418 0
5.77912198851203 0
5.81788007434493 0
5.85689809399139 0
5.8961777907157 0
5.93572091947347 0
5.97552924699009 0
6.01560455183956 0
6.05594862452404 0
6.09656326755382 0
6.13745029552785 0
6.1786115352148 0
6.22004882563471 0
6.26176401814113 0
6.30375897650383 0
6.3460355769921 0
6.38859570845855 0
6.43144127242353 0
6.47457418316004 0
6.51799636777931 0
6.56170976631686 0
6.60571633181921 0
6.65001803043112 0
6.69461684148342 0
6.73951475758148 0
6.7847137846942 0
6.83021594224367 0
6.87602326319537 0
6.92213779414899 0
6.96856159542991 0
7.01529674118119 0
7.06234531945632 0
7.10970943231244 0
7.15739119590427 0
7.2053927405787 0
7.25371621096993 0
7.30236376609529 0
7.35133757945172 0
7.40063983911288 0
7.45027274782685 0
7.50023852311467 0
7.55053939736927 0
7.60117761795533 0
7.6521554473096 0
7.70347516304205 0
7.75513905803758 0
7.8071494405585 0
7.85950863434763 0
7.91221897873213 0
7.96528282872804 0
8.01870255514546 0
8.07248054469451 0
8.12661920009194 0
8.18112094016849 0
8.23598819997694 0
8.29122343090096 0
8.34682910076456 0
8.40280769394241 0
8.45916171147078 0
8.51589367115936 0
8.57300610770367 0
8.63050157279836 0
8.68838263525119 0
8.74665188109781 0
8.8053119137173 0
8.86436535394849 0
8.92381484020706 0
8.98366302860337 0
9.0439125930612 0
9.10456622543719 0
9.16562663564108 0
9.22709655175684 0
9.2889787201645 0
9.3512759056629 0
9.41399089159317 0
9.47712647996315 0
9.54068549157251 0
9.60467076613882 0
9.66908516242442 0
9.73393155836414 0
9.79921285119385 0
9.86493195757999 0
9.93109181374979 0
9.99769537562251 0
10.0647456189415 0
10.132245539407 0
10.2001981528104 0
10.2686064951685 0
10.3374736228594 0
10.406802612759 0
10.4765965623786 0
10.5468585900029 0
10.61759183483 0
10.6887994571109 0
10.7604846382912 0
10.832650581153 0
10.9053005099583 0
10.9784376705925 0
11.05206533071 0
11.12618677988 0
11.2008053297332 0
11.2759243141102 0
11.35154708921 0
11.4276770337404 0
11.5043175490687 0
11.5814720593736 0
11.6591440117983 0
11.7373368766047 0
11.8160541473281 0
11.8952993409335 0
11.9750759979724 0
12.0553876827418 0
12.1362379834424 0
12.2176305123397 0
12.299568905925 0
12.3820568250779 0
12.4650979552303 0
12.5486960065303 0
12.6328547140085 0
12.7175778377449 0
12.8028691630364 0
12.8887325005668 0
12.9751716865759 0
13.0621905830319 0
13.1497930778035 0
13.2379830848335 0
13.3267645443141 0
13.4161414228625 0
13.5061177136983 0
13.5966974368219 0
13.6878846391941 0
13.7796833949171 0
13.8720978054162 0
13.9651319996231 0
14.0587901341608 0
14.1530763935285 0
14.2479949902895 0
14.3435501652586 0
14.4397461876923 0
14.5365873554788 0
14.6340779953305 0
14.7322224629773 0
14.831025143361 0
14.9304904508315 0
15.0306228293435 0
15.1314267526557 0
15.2329067245302 0
15.3350672789341 0
15.4379129802416 0
15.5414484234385 0
15.6456782343268 0
15.7506070697322 0
15.8562396177114 0
15.962580597762 0
16.0696347610333 0
16.1774068905383 0
16.285901801368 0
16.3951243409058 0
16.5050793890444 0
16.6157718584042 0
16.727206694552 0
16.8393888762226 0
16.9523234155412 0
17.0660153582468 0
17.1804697839183 0
17.295691806201 0
17.4116865730353 0
17.5284592668865 0
17.6460151049767 0
17.7643593395173 0
17.8834972579444 0
18.0034341831545 0
18.1241754737424 0
18.2457265242408 0
18.3680927653611 0
18.4912796642364 0
18.6152927246652 0
18.7401374873578 0
18.8658195301836 0
18.9923444684203 0
19.119717955005 0
19.2479456807866 0
19.3770333747799 0
19.5069868044219 0
19.6378117758294 0
19.769514134058 0
19.902099763364 0
20.0355745874665 0
20.1699445698126 0
20.3052157138438 0
20.4413940632639 0
20.5784857023093 0
20.7164967560207 0
20.8554333905169 0
20.9953018132702 0
21.1361082733837 0
21.2778590618706 0
21.4205605119352 0
21.5642189992557 0
21.7088409422696 0
21.8544328024598 0
22.0010010846436 0
22.1485523372636 0
22.2970931526796 0
22.4466301674639 0
22.597170062697 0
22.7487195642669 0
22.9012854431692 0
23.0548745158094 0
23.209493644308 0
23.3651497368065 0
23.5218497477767 0
23.6796006783308 0
23.8384095765344 0
23.9982835377215 0
24.1592297048117 0
24.3212552686287 0
24.4843674682223 0
24.6485735911912 0
24.813880974009 0
24.9802970023521 0
25.1478291114291 0
25.3164847863135 0
25.4862715622781 0
25.6571970251313 0
25.8292688115564 0
26.0024946094527 0
26.1768821582786 0
26.3524392493982 0
26.5291737264287 0
26.7070934855909 0
26.8862064760624 0
27.0665207003324 0
27.2480442145595 0
27.4307851289313 0
27.614751608027 0
27.7999518711822 0
27.9863941928559 0
28.1740869030006 0
28.3630383874338 0
28.5532570882136 0
28.7447515040148 0
28.9375301905095 0
29.131601760749 0
29.3269748855485 0
29.5236582938748 0
29.7216607732358 0
29.9209911700739 0
30.1216583901604 0
30.3236713989939 0
30.5270392222009 0
30.7317709459386 0
30.9378757173014 0
31.1453627447292 0
31.354241298419 0
31.564520710739 0
31.7762103766455 0
31.989319754103 0
32.2038583645062 0
32.4198357931058 0
32.6372616894367 0
32.8561457677491 0
33.0764978074424 0
33.2983276535023 0
33.5216452169405 0
33.7464604752377 0
33.9727834727893 0
34.2006243213539 0
34.4299932005056 0
34.6609003580885 0
34.8933561106742 0
35.1273708440237 0
35.3629550135504 0
35.6001191447878 0
35.8388738338597 0
36.0792297479533 0
36.3211976257964 0
36.5647882781365 0
36.8100125882243 0
37.0568815122997 0
37.3054060800816 0
37.5555973952602 0
37.8074666359935 0
38.0610250554066 0
38.3162839820945 0
38.5732548206281 0
38.8319490520641 0
39.0923782344573 0
39.3545540033778 0
39.6184880724303 0
39.8841922337776 0
40.1516783586675 0
40.4209583979631 0
40.6920443826768 0
40.964948424508 0
41.2396827163838 0
41.5162595330042 0
41.7946912313902 0
42.0749902514362 0
42.3571691164654 0
42.6412404337898 0
42.9272168952731 0
43.2151112778976 0
43.5049364443359 0
43.7967053435245 0
44.0904310112431 0
44.3861265706967 0
44.683805233102 0
44.9834802982777 0
45.2851651552385 0
45.5888732827937 0
45.8946182501491 0
46.2024137175131 0
46.5122734367076 0
46.8242112517818 0
47.138241099631 0
47.4543770106195 0
47.772633109207 0
48.0930236145798 0
48.4155628412864 0
48.7402651998768 0
49.0671451975461 0
49.3962174387832 0
49.7274966260229 0
50.0609975603029 0
50.3967351419252 0
50.7347243711216 0
51.0749803487241 0
51.4175182768393 0
51.762353459528 0
52.1095013034887 0
52.4589773187459 0
52.8107971193433 0
53.1649764240413 0
53.521531057019 0
53.8804769485818 0
54.2418301358726 0
54.6056067635886 0
54.9718230847025 0
55.3404954611887 0
55.7116403647543 0
56.0852743775752 0
56.4614141930367 0
56.8400766164794 0
57.2212785659503 0
57.6050370729582 0
57.991369283235 0
58.3802924575019 0
58.77182397224 0
59.165981320467 0
59.5627821125191 0
59.962244076837 0
60.3643850607587 0
60.7692230313166 0
61.1767760760401 0
61.5870624037641 0
62.0001003454423 0
62.4159083549659 0
62.8345050099889 0
63.2559090127572 0
63.6801391909449 0
64.1072144984952 0
64.537154016467 0
64.969976953888 0
65.4057026486123 0
65.8443505681848 0
66.2859403107109 0
66.7304916057319 0
67.1780243151069 0
67.6285584338996 0
68.0821140912724 0
68.538711551385 0
68.9983712143002 0
69.4611136168954 0
69.9269594337798 0
70.3959294782184 0
70.8680447030619 0
71.3433262016825 0
71.821795208917 0
72.3034731020146 0
72.788381401593 0
73.2765417725991 0
73.7679760252773 0
74.2627061161443 0
74.7607541489692 0
75.2621423757619 0
75.7668931977668 0
76.275029166464 0
76.7865729845765 0
77.3015475070848 0
77.8199757422478 0
78.3418808526311 0
78.8672861561415 0
79.3962151270691 0
79.9286913971357 0
80.4647387565512 0
81.0043811550762 0
81.5476427030918 0
82.0945476726773 0
82.6451204986941 0
83.1993857798782 0
83.7573682799382 0
84.3190929286626 0
84.8845848230331 0
85.4538692283462 0
86.0269715793417 0
86.6039174813396 0
87.1847327113832 0
87.7694432193919 0
88.3580751293197 0
88.9506547403229 0
89.547208527935 0
90.1477631452492 0
90.7523454241098 0
91.3609823763107 0
91.9737011948024 0
92.5905292549064 0
93.2114941155391 0
93.8366235204427 0
94.4659453994245 0
95.0994878696053 0
95.737279236675 0
96.3793479961579 0
97.0257228346853 0
97.6764326312776 0
98.3315064586342 0
98.9909735844328 0
99.6548634726364 0
100.323205784811 0
100.996030381448 0
101.673367323303 0
102.355246872735 0
103.041699495059 0
103.732755859907 0
104.428446842602 0
105.128803525533 0
105.833857199543 0
106.543639365332 0
107.258181734862 0
107.977516232771 0
108.701674997804 0
109.430690384245 0
110.164594963366 0
110.903421524879 0
111.647203078404 0
112.39597285494 0
113.149764308356 0
113.908611116877 0
114.672547184596 0
115.441606642987 0
116.215823852427 0
116.995233403734 0
117.779870119712 0
118.569769056707 0
119.364965506171 0
120.165494996244 0
120.971393293334 0
121.782696403722 0
122.599440575165 0
123.421662298521 0
124.249398309375 0
125.08268558968 0
125.921561369415 0
126.766063128241 0
127.616228597181 0
128.472095760303 0
129.333702856417 0
130.201088380786 0
131.074291086843 0
131.953349987923 0
132.838304359009 0
133.729193738482 0
134.626057929891 0
135.528937003731 0
136.43787129923 0
137.352901426157 0
138.274068266631 0
139.201412976952 0
140.134976989435 0
141.074802014265 0
142.020930041359 0
142.973403342244 0
143.932264471941 0
144.897556270871 0
145.869321866768 0
146.847604676602 0
147.832448408527 0
148.823897063824 0
149.821994938874 0
150.826786627134 0
151.838317021131 0
152.856631314466 0
153.881775003835 0
154.913793891059 0
155.952734085135 0
156.99864200429 0
158.05156437806 0
159.111548249376 0
160.178640976665 0
161.252890235967 0
162.334344023063 0
163.423050655625 0
164.519058775366 0
165.622417350222 0
166.733175676535 0
167.851383381253 0
168.977090424156 0
170.11034710008 0
171.251204041164 0
172.399712219121 0
173.555922947505 0
174.71988788401 0
175.891659032773 0
177.071288746705 0
178.258829729822 0
179.454335039603 0
180.657858089364 0
181.869452650637 0
183.08917285558 0
184.31707319939 0
185.55320854274 0
186.797634114231 0
188.050405512858 0
189.311578710494 0
190.581210054392 0
191.859356269701 0
193.146074462003 0
194.44142211986 0
195.745457117386 0
197.058237716834 0
198.379822571192 0
199.710270726815 0
201.04964162605 0
202.397995109902 0
203.755391420704 0
205.121891204806 0
206.497555515289 0
207.88244581469 0
209.27662397775 0
210.680152294175 0
212.093093471423 0
213.515510637503 0
214.947467343798 0
216.389027567901 0
217.840255716476 0
219.301216628134 0
220.771975576332 0
222.252598272288 0
223.743150867916 0
225.243699958782 0
226.75431258708 0
228.275056244629 0
229.805998875885 0
231.347208880978 0
232.89875511877 0
234.460706909926 0
236.03313404002 0
237.616106762645 0
239.209695802554 0
240.813972358821 0
242.429008108023 0
244.05487520744 0
245.691646298279 0
247.339394508922 0
248.99819345819 0
250.668117258635 0
252.34924051985 0
254.041638351801 0
255.745386368185 0
257.460560689809 0
259.187237947988 0
260.92549528797 0
262.675410372384 0
264.437061384708 0
266.210527032764 0
267.995886552232 0
269.793219710194 0
271.602606808693 0
273.424128688324 0
275.257866731846 0
277.103902867817 0
278.962319574253 0
280.833199882317 0
282.716627380025 0
284.612686215981 0
286.521461103138 0
288.443037322585 0
290.377500727351 0
292.324937746245 0
294.285435387719 0
296.259081243751 0
298.245963493763 0
300.246170908555 0
302.259792854277 0
304.286919296421 0
306.327640803834 0
308.382048552774 0
310.450234330976 0
312.532290541758 0
314.628310208145 0
316.73838697703 0
318.862615123353 0
321.001089554317 0
323.153905813627 0
325.321160085757 0
327.50294920025 0
329.699370636044 0
331.910522525824 0
334.136503660411 0
336.377413493171 0
338.633352144464 0
340.904420406111 0
343.190719745904 0
345.492352312134 0
347.809420938154 0
350.142029146981 0
352.490281155913 0
354.85428188119 0
357.23413694268 0
359.629952668597 0
362.041836100253 0
364.469894996842 0
366.914237840249 0
369.374973839904 0
371.852212937655 0
374.346065812684 0
376.856643886451 0
379.384059327669 0
381.928425057324 0
384.489854753707 0
387.068462857507 0
389.664364576915 0
392.277675892772 0
394.908513563755 0
397.556995131592 0
400.223238926308 0
402.907364071523 0
405.609490489764 0
408.329738907828 0
411.068230862173 0
413.825088704351 0
416.600435606476 0
419.394395566719 0
422.207093414857 0
425.038654817846 0
427.889206285435 0
430.758875175823 0
433.647789701341 0
436.556078934187 0
439.483872812192 0
442.431302144622 0
445.398498618027 0
448.385594802119 0
451.3927241557 0
454.420021032623 0
457.467620687792 0
460.535659283212 0
463.624273894064 0
466.733602514835 0
469.863784065481 0
473.014958397634 0
476.187266300853 0
479.380849508911 0
482.595850706126 0
485.832413533742 0
489.090682596339 0
492.370803468304 0
495.672922700322 0
498.997187825933 0
502.343747368124 0
505.712750845957 0
509.104348781257 0
512.518692705333 0
515.95593516575 0
519.416229733144 0
522.899731008081 0
526.406594627971 0
529.936977274012 0
533.4910366782 0
537.068931630368 0
540.670821985286 0
544.296868669802 0
547.947233690029 0
551.622080138586 0
555.321572201886 0
559.045875167466 0
562.795155431378 0
566.569580505623 0
570.369319025627 0
574.194540757786 0
578.045416607044 0
581.922118624532 0
585.824820015254 0
589.753695145825 0
593.708919552261 0
597.690669947825 0
601.699124230917 0
605.734461493029 0
609.796862026737 0
613.886507333767 0
618.003580133095 0
622.148264369119 0
626.320745219869 0
630.521209105286 0
634.749843695549 0
639.00683791946 0
643.292381972888 0
647.606667327259 0
651.949886738119 0
656.322234253742 0
660.723905223798 0
665.155096308088 0
669.616005485322 0
674.106832061968 0
678.627776681158 0
683.179041331652 0
687.760829356859 0
692.373345463927 0
697.016795732888 0
701.69138762586 0
706.397329996322 0
711.134833098448 0
715.904108596489 0
720.705369574241 0
725.538830544563 0
730.404707458954 0
735.303217717212 0
740.234580177141 0
745.199015164329 0
750.196744481992 0
755.227991420886 0
760.292980769284 0
765.391938823015 0
770.525093395576 0
775.692673828313 0
780.894911000665 0
786.132037340481 0
791.404286834402 0
796.711895038319 0
802.055099087892 0
807.43413770915 0
812.849251229155 0
818.300681586739 0
823.788672343313 0
829.31346869375 0
834.875317477338 0
840.474467188815 0
846.11116798946 0
851.78567171828 0
857.498231903258 0
863.249103772676 0
869.038544266528 0
874.866812047991 0
880.734167514985 0
886.640872811806 0
892.587191840841 0
898.573390274356 0
904.599735566366 0
910.666496964585 0
916.773945522459 0
922.922354111265 0
929.11199743232 0
935.343152029239 0
941.616096300295 0
947.931110510862 0
954.288476805932 0
960.688479222721 0
967.131403703363 0
973.617538107682 0
980.14717222605 0
986.720597792343 0
993.338108496973 0
1000 0
